861.0, -50.0, 0.0, 27.0
860.0, -50.0, 0.0, 28.0
859.0, -50.0, 0.0, 21.0
858.0, -50.0, 0.0, 20.0
862.0, -50.0, 0.0, 33.0
863.0, -50.0, 0.0, 34.0
857.0, -50.0, 0.0, 15.0
856.0, -50.0, 0.0, 14.0
864.0, -50.0, 0.0, 40.0
865.0, -50.0, 0.0, 41.0
855.0, -50.0, 0.0, 8.0
854.0, -50.0, 0.0, 7.0
853.0, -46.0, 0.0, 7.0
852.0, -45.0, 0.0, 7.0
866.0, -50.0, 0.0, 45.0
867.0, -50.0, 0.0, 46.0
0.0, -50.0, 0.0, 49.0
851.0, -39.0, 0.0, 7.0
1.0, -49.0, 0.0, 49.0
850.0, -38.0, 0.0, 7.0
809.0, -44.0, 0.0, 49.0
808.0, -43.0, 0.0, 49.0
848.0, -32.0, 0.0, 7.0
812.0, -38.0, 0.0, 49.0
810.0, -37.0, 0.0, 49.0
849.0, -31.0, 0.0, 7.0
813.0, -32.0, 0.0, 49.0
814.0, -31.0, 0.0, 49.0
847.0, -25.0, 0.0, 7.0
846.0, -24.0, 0.0, 7.0
4.0, -25.0, 0.0, 49.0
5.0, -24.0, 0.0, 49.0
845.0, -19.0, 0.0, 7.0
844.0, -18.0, 0.0, 7.0
815.0, -18.0, 0.0, 49.0
816.0, -17.0, 0.0, 49.0
842.0, -13.0, 0.0, 7.0
843.0, -12.0, 0.0, 7.0
817.0, -12.0, 0.0, 49.0
819.0, -11.0, 0.0, 49.0
841.0, -7.0, 0.0, 7.0
840.0, -6.0, 0.0, 7.0
821.0, -7.0, 0.0, 49.0
820.0, -6.0, 0.0, 49.0
830.0, 0.0, 0.0, 24.0
832.0, 0.0, 0.0, 23.0
829.0, 0.0, 0.0, 29.0
828.0, 0.0, 0.0, 30.0
833.0, 0.0, 0.0, 18.0
835.0, 0.0, 0.0, 17.0
827.0, 0.0, 0.0, 36.0
826.0, 0.0, 0.0, 37.0
836.0, 0.0, 0.0, 12.0
837.0, 0.0, 0.0, 11.0
839.0, -1.0, 0.0, 7.0
838.0, 0.0, 0.0, 7.0
825.0, 0.0, 0.0, 43.0
824.0, 0.0, 0.0, 44.0
823.0, 0.0, 0.0, 48.0
822.0, 0.0, 0.0, 49.0
