861.0, -27.0, 0.0, 25.0
860.0, -27.0, 0.0, 26.0
859.0, -27.0, 0.0, 27.0
858.0, -27.0, 0.0, 28.0
862.0, -27.0, 0.0, 29.0
863.0, -26.0, 0.0, 25.0
857.0, -26.0, 0.0, 26.0
856.0, -26.0, 0.0, 27.0
864.0, -26.0, 0.0, 28.0
865.0, -26.0, 0.0, 29.0
855.0, -25.0, 0.0, 25.0
854.0, -25.0, 0.0, 26.0
853.0, -25.0, 0.0, 27.0
852.0, -25.0, 0.0, 28.0
866.0, -25.0, 0.0, 29.0
867.0, -24.0, 0.0, 25.0
0.0, -24.0, 0.0, 26.0
851.0, -24.0, 0.0, 27.0
1.0, -24.0, 0.0, 28.0
850.0, -24.0, 0.0, 29.0
809.0, -23.0, 0.0, 25.0
808.0, -23.0, 0.0, 26.0
848.0, -23.0, 0.0, 27.0
812.0, -23.0, 0.0, 28.0
810.0, -23.0, 0.0, 29.0
849.0, -22.0, 0.0, 25.0
813.0, -22.0, 0.0, 26.0
814.0, -22.0, 0.0, 27.0
847.0, -22.0, 0.0, 28.0
846.0, -22.0, 0.0, 29.0
4.0, -21.0, 0.0, 25.0
5.0, -21.0, 0.0, 26.0
845.0, -21.0, 0.0, 27.0
844.0, -21.0, 0.0, 28.0
815.0, -21.0, 0.0, 29.0
