0.9049013, -51.0, 2.0, 25.0
0.95677567, -51.0, 2.0, 24.0
0.34629405, -51.0, 2.0, 26.0
0.9788162, -51.0, 2.0, 23.0
0.35255578, -51.0, 2.0, 27.0
0.022576468, -51.0, 2.0, 22.0
0.28646043, -51.0, 2.0, 28.0
0.080919735, -51.0, 2.0, 21.0
0.52345794, -51.0, 2.0, 29.0
0.8656085, -51.0, 2.0, 20.0
0.11639068, -51.0, 2.0, 30.0
0.42208466, -51.0, 2.0, 19.0
0.56515783, -51.0, 2.0, 31.0
0.2761642, -51.0, 2.0, 18.0
0.73351014, -51.0, 2.0, 32.0
0.025687912, -51.0, 2.0, 17.0
0.66563934, -51.0, 2.0, 33.0
0.7288308, -51.0, 2.0, 16.0
0.0934082, -51.0, 1.0, 25.0
0.19395258, -51.0, 1.0, 24.0
0.6434857, -51.0, 1.0, 26.0
0.3601635, -51.0, 1.0, 23.0
0.39547065, -51.0, 2.0, 34.0
0.405417, -51.0, 1.0, 27.0
0.39109552, -51.0, 1.0, 22.0
0.32776773, -51.0, 2.0, 15.0
0.72521603, -51.0, 1.0, 28.0
0.32893658, -51.0, 1.0, 21.0
0.8765474, -51.0, 1.0, 29.0
0.96659327, -51.0, 1.0, 20.0
0.26567146, -51.0, 2.0, 35.0
0.32753924, -51.0, 1.0, 30.0
0.6059985, -51.0, 2.0, 14.0
0.2685938, -51.0, 1.0, 19.0
0.27703685, -51.0, 1.0, 31.0
0.45143282, -51.0, 1.0, 18.0
0.67604214, -51.0, 2.0, 36.0
0.6035063, -51.0, 1.0, 32.0
0.66205126, -51.0, 2.0, 13.0
0.3266892, -51.0, 1.0, 17.0
0.8042389, -51.0, 2.0, 37.0
0.27135822, -51.0, 1.0, 33.0
0.083888665, -51.0, 1.0, 16.0
0.53460616, -51.0, 2.0, 12.0
0.016073963, -51.0, 0.0, 25.0
0.43140885, -51.0, 0.0, 24.0
0.28407416, -51.0, 0.0, 26.0
0.04647494, -51.0, 1.0, 34.0
0.987883, -51.0, 0.0, 23.0
0.18758693, -51.0, 0.0, 27.0
0.45982683, -51.0, 0.0, 22.0
0.029457616, -51.0, 1.0, 15.0
0.39782843, -51.0, 2.0, 38.0
0.12708399, -51.0, 0.0, 28.0
0.30339834, -51.0, 0.0, 21.0
0.8715056, -51.0, 0.0, 29.0
0.020795707, -51.0, 2.0, 11.0
0.40661734, -51.0, 1.0, 35.0
0.58039105, -51.0, 0.0, 20.0
0.58672625, -51.0, 0.0, 30.0
0.7181193, -51.0, 1.0, 14.0
0.559977, -51.0, 0.0, 19.0
0.9297034, -51.0, 2.0, 39.0
0.8573318, -51.0, 0.0, 31.0
0.9193372, -51.0, 1.0, 36.0
0.5608225, -51.0, 0.0, 18.0
0.9046645, -51.0, 2.0, 10.0
0.8442817, -51.0, 1.0, 13.0
0.67071086, -51.0, 0.0, 32.0
0.3162973, -51.0, 0.0, 17.0
0.1430829, -51.0, 1.0, 37.0
0.55595446, -51.0, 2.0, 40.0
0.8340377, -51.0, 0.0, 33.0
0.68988025, -51.0, 0.0, 16.0
0.953351, -51.0, 1.0, 12.0
0.0026639446, -51.0, 2.0, 9.0
0.5593221, -51.0, 0.0, 34.0
0.35599428, -51.0, 1.0, 38.0
0.53440744, -51.0, 0.0, 15.0
0.58455926, -51.0, 2.0, 41.0
0.7261582, -51.0, 1.0, 11.0
0.2742449, -51.0, 0.0, 35.0
0.5092764, -51.0, 2.0, 8.0
0.16142602, -51.0, 0.0, 14.0
0.65122026, -51.0, 1.0, 39.0
0.3377629, -51.0, 0.0, 36.0
0.44506592, -51.0, 1.0, 10.0
0.035131898, -51.0, 2.0, 42.0
0.993042, -51.0, 0.0, 13.0
0.79797566, -51.0, 2.0, 7.0
0.5567207, -51.0, 1.0, 40.0
0.6389363, -51.0, 0.0, 37.0
0.45030758, -51.0, 0.0, 12.0
0.39723513, -51.0, 1.0, 9.0
0.84749013, -51.0, 2.0, 43.0
0.07261135, -51.0, 0.0, 38.0
0.54616463, -51.0, 1.0, 41.0
0.75108016, -51.0, 2.0, 6.0
0.5259865, -51.0, 0.0, 11.0
0.74829644, -51.0, 1.0, 8.0
0.5186101, -50.0, 2.0, 6.0
0.41351387, -51.0, 0.0, 39.0
0.65786934, -51.0, 2.0, 44.0
0.31923676, -49.0, 2.0, 6.0
0.09578745, -51.0, 1.0, 42.0
0.2315278, -51.0, 0.0, 10.0
0.6596115, -48.0, 2.0, 6.0
0.75203145, -51.0, 1.0, 7.0
0.7250733, -51.0, 0.0, 40.0
0.04920536, -51.0, 2.0, 45.0
0.42246082, -51.0, 0.0, 9.0
0.8727446, -47.0, 2.0, 6.0
0.64612156, -51.0, 1.0, 43.0
0.55709034, -51.0, 1.0, 6.0
0.56662923, -51.0, 0.0, 41.0
0.96820796, -46.0, 2.0, 6.0
0.050570454, -50.0, 1.0, 6.0
0.09910629, -51.0, 0.0, 8.0
0.56890345, -51.0, 2.0, 46.0
0.05607194, -51.0, 1.0, 44.0
0.4549082, -45.0, 2.0, 6.0
0.54716474, -49.0, 1.0, 6.0
0.28128603, -51.0, 0.0, 42.0
0.25063667, -48.0, 1.0, 6.0
0.3280317, -51.0, 0.0, 7.0
0.93270206, -44.0, 2.0, 6.0
0.66393936, -51.0, 1.0, 45.0
0.24622259, -47.0, 1.0, 6.0
0.96132195, -51.0, 2.0, 47.0
0.38473558, -51.0, 0.0, 43.0
0.39261952, -43.0, 2.0, 6.0
0.315816, -51.0, 0.0, 6.0
0.54659814, -46.0, 1.0, 6.0
0.06563219, -50.0, 0.0, 6.0
0.36895075, -51.0, 1.0, 46.0
0.3799518, -51.0, 0.0, 44.0
0.4361029, -42.0, 2.0, 6.0
0.21863285, -45.0, 1.0, 6.0
0.06130535, -51.0, 2.0, 48.0
0.6392722, -49.0, 0.0, 6.0
0.59870845, -48.0, 0.0, 6.0
0.14527951, -44.0, 1.0, 6.0
0.034718104, -41.0, 2.0, 6.0
0.98392636, -51.0, 0.0, 45.0
0.35782412, -51.0, 1.0, 47.0
0.9162412, -47.0, 0.0, 6.0
0.99017817, -51.0, 2.0, 49.0
0.89395326, -43.0, 1.0, 6.0
0.59902376, -46.0, 0.0, 6.0
0.8856388, -40.0, 2.0, 6.0
0.12680553, -51.0, 0.0, 46.0
0.8270159, -42.0, 1.0, 6.0
0.76920056, -51.0, 1.0, 48.0
0.6268176, -45.0, 0.0, 6.0
0.6648331, -51.0, 2.0, 50.0
0.1533317, -39.0, 2.0, 6.0
0.15409714, -44.0, 0.0, 6.0
0.73662174, -50.0, 2.0, 50.0
0.9229799, -41.0, 1.0, 6.0
0.54237145, -51.0, 0.0, 47.0
0.11734569, -49.0, 2.0, 50.0
0.065572076, -51.0, 1.0, 49.0
0.4307142, -38.0, 2.0, 6.0
0.33187345, -43.0, 0.0, 6.0
0.21169418, -48.0, 2.0, 50.0
0.3229539, -40.0, 1.0, 6.0
0.17407018, -47.0, 2.0, 50.0
0.81694883, -42.0, 0.0, 6.0
0.3318823, -51.0, 0.0, 48.0
0.6786704, -37.0, 2.0, 6.0
0.22309574, -51.0, 1.0, 50.0
0.5855287, -39.0, 1.0, 6.0
0.36867034, -46.0, 2.0, 50.0
0.93782073, -50.0, 1.0, 50.0
0.6696724, -41.0, 0.0, 6.0
0.99613076, -45.0, 2.0, 50.0
0.14481337, -49.0, 1.0, 50.0
0.09931217, -51.0, 0.0, 49.0
0.016363114, -36.0, 2.0, 6.0
0.6449006, -38.0, 1.0, 6.0
0.76631194, -48.0, 1.0, 50.0
0.6264177, -40.0, 0.0, 6.0
0.9001077, -44.0, 2.0, 50.0
0.20110674, -47.0, 1.0, 50.0
0.9060596, -37.0, 1.0, 6.0
0.5550422, -43.0, 2.0, 50.0
0.30899897, -35.0, 2.0, 6.0
0.30374923, -51.0, 0.0, 50.0
0.9520468, -39.0, 0.0, 6.0
0.64456177, -46.0, 1.0, 50.0
0.25603843, -50.0, 0.0, 50.0
0.30666417, -42.0, 2.0, 50.0
0.39856952, -45.0, 1.0, 50.0
0.13645142, -49.0, 0.0, 50.0
0.21068147, -36.0, 1.0, 6.0
0.53548527, -38.0, 0.0, 6.0
0.33643046, -34.0, 2.0, 6.0
0.3275204, -48.0, 0.0, 50.0
0.45714995, -44.0, 1.0, 50.0
0.37704954, -41.0, 2.0, 50.0
0.40690878, -47.0, 0.0, 50.0
0.08742258, -43.0, 1.0, 50.0
0.9479004, -37.0, 0.0, 6.0
0.9603113, -35.0, 1.0, 6.0
0.12431492, -46.0, 0.0, 50.0
0.6542138, -33.0, 2.0, 6.0
0.15130286, -40.0, 2.0, 50.0
0.40755385, -42.0, 1.0, 50.0
0.04323453, -45.0, 0.0, 50.0
0.52707815, -36.0, 0.0, 6.0
0.85449773, -34.0, 1.0, 6.0
0.63566643, -39.0, 2.0, 50.0
0.84910554, -44.0, 0.0, 50.0
0.04194688, -32.0, 2.0, 6.0
0.87556314, -41.0, 1.0, 50.0
0.46947977, -38.0, 2.0, 50.0
0.08456152, -43.0, 0.0, 50.0
0.26358575, -35.0, 0.0, 6.0
0.16353862, -33.0, 1.0, 6.0
0.39262977, -40.0, 1.0, 50.0
0.8890126, -31.0, 2.0, 6.0
0.15682745, -42.0, 0.0, 50.0
0.8205157, -37.0, 2.0, 50.0
0.60614634, -39.0, 1.0, 50.0
0.82522565, -34.0, 0.0, 6.0
0.60997796, -32.0, 1.0, 6.0
0.1669193, -41.0, 0.0, 50.0
0.19094019, -30.0, 2.0, 6.0
0.59420353, -36.0, 2.0, 50.0
0.77502674, -38.0, 1.0, 50.0
0.08926835, -33.0, 0.0, 6.0
0.07758743, -40.0, 0.0, 50.0
0.19845195, -31.0, 1.0, 6.0
0.36214247, -37.0, 1.0, 50.0
0.5591182, -35.0, 2.0, 50.0
0.21528792, -39.0, 0.0, 50.0
0.903763, -29.0, 2.0, 6.0
0.9800381, -32.0, 0.0, 6.0
0.39255124, -30.0, 1.0, 6.0
0.80160046, -36.0, 1.0, 50.0
0.17093217, -38.0, 0.0, 50.0
0.3491389, -34.0, 2.0, 50.0
0.031495932, -28.0, 2.0, 6.0
0.6855342, -31.0, 0.0, 6.0
0.58136517, -37.0, 0.0, 50.0
0.2310911, -35.0, 1.0, 50.0
0.37131938, -33.0, 2.0, 50.0
0.08880135, -29.0, 1.0, 6.0
0.6643197, -30.0, 0.0, 6.0
0.21599841, -36.0, 0.0, 50.0
0.4335514, -27.0, 2.0, 6.0
0.60351545, -34.0, 1.0, 50.0
0.44856697, -32.0, 2.0, 50.0
0.08787593, -28.0, 1.0, 6.0
0.98826355, -35.0, 0.0, 50.0
0.019341908, -33.0, 1.0, 50.0
0.5075465, -29.0, 0.0, 6.0
0.34916276, -26.0, 2.0, 6.0
0.067539215, -31.0, 2.0, 50.0
0.9090885, -27.0, 1.0, 6.0
0.24462606, -34.0, 0.0, 50.0
0.6267357, -32.0, 1.0, 50.0
0.6796361, -28.0, 0.0, 6.0
0.05894654, -30.0, 2.0, 50.0
0.17386943, -25.0, 2.0, 6.0
0.10471844, -33.0, 0.0, 50.0
0.9328556, -26.0, 1.0, 6.0
0.7680723, -31.0, 1.0, 50.0
0.9917516, -27.0, 0.0, 6.0
0.83348185, -29.0, 2.0, 50.0
0.20879832, -32.0, 0.0, 50.0
0.76192355, -24.0, 2.0, 6.0
0.30655184, -30.0, 1.0, 50.0
0.74958277, -25.0, 1.0, 6.0
0.98659843, -26.0, 0.0, 6.0
0.9647431, -28.0, 2.0, 50.0
0.9946932, -31.0, 0.0, 50.0
0.5079898, -29.0, 1.0, 50.0
0.41289458, -23.0, 2.0, 6.0
0.65880805, -24.0, 1.0, 6.0
0.28708643, -30.0, 0.0, 50.0
0.7757976, -27.0, 2.0, 50.0
0.7367076, -25.0, 0.0, 6.0
0.6215391, -28.0, 1.0, 50.0
0.8535747, -22.0, 2.0, 6.0
0.46573004, -23.0, 1.0, 6.0
0.28406093, -29.0, 0.0, 50.0
0.6762924, -26.0, 2.0, 50.0
0.34986606, -24.0, 0.0, 6.0
0.49808747, -27.0, 1.0, 50.0
0.7340927, -21.0, 2.0, 6.0
0.7186309, -28.0, 0.0, 50.0
0.11887809, -22.0, 1.0, 6.0
0.071391985, -25.0, 2.0, 50.0
0.07657303, -23.0, 0.0, 6.0
0.6871007, -26.0, 1.0, 50.0
0.99720854, -27.0, 0.0, 50.0
0.09483798, -20.0, 2.0, 6.0
0.78015345, -21.0, 1.0, 6.0
0.13601364, -24.0, 2.0, 50.0
0.46748587, -22.0, 0.0, 6.0
0.3897562, -25.0, 1.0, 50.0
0.3813406, -26.0, 0.0, 50.0
0.03746293, -19.0, 2.0, 6.0
0.7186416, -23.0, 2.0, 50.0
0.50265086, -20.0, 1.0, 6.0
0.9160993, -24.0, 1.0, 50.0
0.19077766, -21.0, 0.0, 6.0
0.52868545, -25.0, 0.0, 50.0
0.4889714, -22.0, 2.0, 50.0
0.35915428, -18.0, 2.0, 6.0
0.14984572, -19.0, 1.0, 6.0
0.26835436, -23.0, 1.0, 50.0
0.824632, -20.0, 0.0, 6.0
0.5104751, -24.0, 0.0, 50.0
0.8922135, -21.0, 2.0, 50.0
0.73904395, -22.0, 1.0, 50.0
0.6813926, -17.0, 2.0, 6.0
0.57409096, -18.0, 1.0, 6.0
0.5485959, -19.0, 0.0, 6.0
0.004721738, -23.0, 0.0, 50.0
0.16256866, -100.0, 0.0, 24.0
0.011298084, -20.0, 2.0, 50.0
0.3874077, -21.0, 1.0, 50.0
0.85505885, -16.0, 2.0, 6.0
0.7371362, -22.0, 0.0, 50.0
0.11848447, -17.0, 1.0, 6.0
0.90615267, -18.0, 0.0, 6.0
0.045807637, -19.0, 2.0, 50.0
0.033151936, -20.0, 1.0, 50.0
0.17921317, -21.0, 0.0, 50.0
0.31998536, -16.0, 1.0, 6.0
0.0024902984, -15.0, 2.0, 6.0
0.35550907, -17.0, 0.0, 6.0
0.97086686, -18.0, 2.0, 50.0
0.9574846, -19.0, 1.0, 50.0
0.24475344, -20.0, 0.0, 50.0
0.7784011, -15.0, 1.0, 6.0
0.8680725, -16.0, 0.0, 6.0
0.07465624, -14.0, 2.0, 6.0
0.39128235, -17.0, 2.0, 50.0
0.42946723, -18.0, 1.0, 50.0
0.7782878, -19.0, 0.0, 50.0
0.3804086, -15.0, 0.0, 6.0
0.23895805, -14.0, 1.0, 6.0
0.6304456, -13.0, 2.0, 6.0
0.66934574, -16.0, 2.0, 50.0
0.1302201, -17.0, 1.0, 50.0
0.074978516, -18.0, 0.0, 50.0
0.8882603, -14.0, 0.0, 6.0
0.5044173, -13.0, 1.0, 6.0
0.98944604, -12.0, 2.0, 6.0
0.076955736, -16.0, 1.0, 50.0
0.34082162, -15.0, 2.0, 50.0
0.98676676, -17.0, 0.0, 50.0
0.99368775, -13.0, 0.0, 6.0
0.38353822, -12.0, 1.0, 6.0
0.15341885, -11.0, 2.0, 6.0
0.634838, -15.0, 1.0, 50.0
0.8408729, -16.0, 0.0, 50.0
0.17689791, -14.0, 2.0, 50.0
0.5344385, -12.0, 0.0, 6.0
0.35762373, -11.0, 1.0, 6.0
0.43817434, -10.0, 2.0, 6.0
0.9084605, -15.0, 0.0, 50.0
0.49323952, -14.0, 1.0, 50.0
0.88093466, -13.0, 2.0, 50.0
0.09661966, -11.0, 0.0, 6.0
0.62054515, -10.0, 1.0, 6.0
0.19837222, -9.0, 2.0, 6.0
0.0870987, -14.0, 0.0, 50.0
0.017220512, -13.0, 1.0, 50.0
0.16912104, -12.0, 2.0, 50.0
0.8109255, -10.0, 0.0, 6.0
0.5737851, -9.0, 1.0, 6.0
0.7446783, -13.0, 0.0, 50.0
0.036675625, -12.0, 1.0, 50.0
0.9656418, -8.0, 2.0, 6.0
0.51206213, -11.0, 2.0, 50.0
0.07819832, -9.0, 0.0, 6.0
0.33922872, -12.0, 0.0, 50.0
0.651538, -8.0, 1.0, 6.0
0.18946049, -11.0, 1.0, 50.0
0.52367115, -10.0, 2.0, 50.0
0.57781667, -7.0, 2.0, 6.0
0.10412458, -8.0, 0.0, 6.0
0.46072996, -11.0, 0.0, 50.0
0.7474577, -10.0, 1.0, 50.0
0.6623082, -7.0, 1.0, 6.0
0.4629146, -9.0, 2.0, 50.0
0.69713986, -6.0, 2.0, 6.0
0.6492388, -10.0, 0.0, 50.0
0.7442048, -7.0, 0.0, 6.0
0.37076718, -9.0, 1.0, 50.0
0.724588, -6.0, 1.0, 6.0
0.60986984, -8.0, 2.0, 50.0
0.43511465, -5.0, 2.0, 6.0
0.39571154, -9.0, 0.0, 50.0
0.6714469, -6.0, 0.0, 6.0
0.18990344, -8.0, 1.0, 50.0
0.058881573, -5.0, 1.0, 6.0
0.14124793, -7.0, 2.0, 50.0
0.6089914, -4.0, 2.0, 6.0
0.055424258, -8.0, 0.0, 50.0
0.68788654, -5.0, 0.0, 6.0
0.17772569, -7.0, 1.0, 50.0
0.360413, -6.0, 2.0, 50.0
0.19006296, -4.0, 1.0, 6.0
0.8478303, -3.0, 2.0, 6.0
0.47524738, -7.0, 0.0, 50.0
0.878844, -6.0, 1.0, 50.0
0.51553464, -4.0, 0.0, 6.0
0.9403435, -5.0, 2.0, 50.0
0.84765244, -3.0, 1.0, 6.0
0.15047489, 1.0, 2.0, 25.0
0.8877733, 1.0, 2.0, 24.0
0.62906104, 1.0, 2.0, 26.0
0.027482765, 1.0, 2.0, 23.0
0.6657653, 1.0, 2.0, 27.0
0.06171076, 1.0, 2.0, 22.0
0.66233486, -2.0, 2.0, 6.0
0.38343602, 1.0, 2.0, 28.0
0.11991169, 1.0, 2.0, 21.0
0.624974, 1.0, 2.0, 29.0
0.86454964, 1.0, 2.0, 20.0
0.96466315, 1.0, 2.0, 30.0
0.1531492, 1.0, 2.0, 19.0
0.089252695, 1.0, 2.0, 31.0
0.31804517, -6.0, 0.0, 50.0
0.5103683, 1.0, 2.0, 18.0
0.6221284, 1.0, 2.0, 32.0
0.29781452, 1.0, 2.0, 17.0
0.07893638, -5.0, 1.0, 50.0
0.29852098, -3.0, 0.0, 6.0
0.105523735, 1.0, 2.0, 33.0
0.058622614, 1.0, 2.0, 16.0
0.122663446, 1.0, 1.0, 25.0
0.2240922, 1.0, 1.0, 24.0
0.09019186, -4.0, 2.0, 50.0
0.44473615, 1.0, 1.0, 26.0
0.5988918, 1.0, 1.0, 23.0
0.29507667, 1.0, 2.0, 34.0
0.5586149, 1.0, 1.0, 27.0
0.5171514, 1.0, 1.0, 22.0
0.8904216, -2.0, 1.0, 6.0
0.8136666, 1.0, 2.0, 15.0
0.50402504, 1.0, 1.0, 28.0
0.3199673, 1.0, 1.0, 21.0
0.41705504, 1.0, 1.0, 29.0
0.87029237, 1.0, 1.0, 20.0
0.23652318, 1.0, 2.0, 35.0
0.8737362, 1.0, 1.0, 30.0
0.60290927, 1.0, 2.0, 14.0
0.41984802, 1.0, 1.0, 19.0
0.21166685, -1.0, 2.0, 6.0
0.550087, 1.0, 1.0, 31.0
0.9344511, 1.0, 1.0, 18.0
0.13227095, 1.0, 2.0, 36.0
0.5124178, 1.0, 1.0, 32.0
0.6491843, 1.0, 2.0, 13.0
0.57657015, 1.0, 1.0, 17.0
0.41374606, -5.0, 0.0, 50.0
0.0460026, 1.0, 2.0, 37.0
0.2213138, 1.0, 1.0, 33.0
0.58529353, 1.0, 1.0, 16.0
0.48015708, 1.0, 2.0, 12.0
0.9791552, -4.0, 1.0, 50.0
0.17486095, 1.0, 0.0, 25.0
0.35828748, 1.0, 0.0, 24.0
0.13100874, 1.0, 0.0, 26.0
0.92837226, 1.0, 1.0, 34.0
0.49517614, 1.0, 0.0, 23.0
0.59807825, 1.0, 0.0, 27.0
0.9198956, 1.0, 0.0, 22.0
0.9462286, -2.0, 0.0, 6.0
0.9622963, 1.0, 1.0, 15.0
0.7279634, 1.0, 2.0, 38.0
0.7466937, 1.0, 0.0, 28.0
0.40046227, 1.0, 0.0, 21.0
0.10021995, 1.0, 0.0, 29.0
0.3968758, 1.0, 2.0, 11.0
0.5070046, 1.0, 1.0, 35.0
0.42945364, 1.0, 0.0, 20.0
0.21640791, -3.0, 2.0, 50.0
0.43699956, 1.0, 0.0, 30.0
0.3259816, 1.0, 1.0, 14.0
0.7758872, 1.0, 0.0, 19.0
0.2974104, -1.0, 1.0, 6.0
0.39672694, 1.0, 2.0, 39.0
0.0765188, 1.0, 0.0, 31.0
0.44979763, 1.0, 1.0, 36.0
0.21499558, 1.0, 0.0, 18.0
0.561585, 1.0, 2.0, 10.0
0.33588845, 1.0, 1.0, 13.0
0.85286784, 1.0, 0.0, 32.0
0.1668836, 1.0, 0.0, 17.0
0.19704877, 0.0, 2.0, 6.0
0.67025906, 1.0, 1.0, 37.0
0.70775795, 1.0, 2.0, 40.0
0.52716416, 1.0, 0.0, 33.0
0.5996971, 1.0, 0.0, 16.0
0.15313227, 1.0, 1.0, 12.0
0.3794115, 1.0, 2.0, 9.0
0.31370476, -4.0, 0.0, 50.0
0.42695737, 1.0, 0.0, 34.0
0.32158566, 1.0, 1.0, 38.0
0.9496959, 1.0, 0.0, 15.0
0.293331, 1.0, 2.0, 41.0
0.6907222, 1.0, 1.0, 11.0
0.3533111, -3.0, 1.0, 50.0
0.71240115, 1.0, 0.0, 35.0
0.34028885, 1.0, 2.0, 8.0
0.7464132, 1.0, 0.0, 14.0
0.1077901, 1.0, 1.0, 39.0
0.59253263, -1.0, 0.0, 6.0
0.039473917, 1.0, 0.0, 36.0
0.5866024, 1.0, 1.0, 10.0
0.8165481, 1.0, 2.0, 42.0
0.3619995, -2.0, 2.0, 50.0
0.6831401, 1.0, 0.0, 13.0
0.75709534, 1.0, 2.0, 7.0
0.6302826, 0.0, 1.0, 6.0
0.42321298, 1.0, 1.0, 40.0
0.74827635, 1.0, 0.0, 37.0
0.25341406, 1.0, 0.0, 12.0
0.9347603, 1.0, 1.0, 9.0
0.36277407, 1.0, 2.0, 43.0
0.6615667, 1.0, 0.0, 38.0
0.8269114, 1.0, 1.0, 41.0
0.33273098, 1.0, 2.0, 6.0
0.4393434, 1.0, 0.0, 11.0
0.15982555, -3.0, 0.0, 50.0
0.23228498, 1.0, 1.0, 8.0
0.45570698, 1.0, 0.0, 39.0
0.66295, 1.0, 2.0, 44.0
0.83602667, 1.0, 1.0, 42.0
0.08204825, -2.0, 1.0, 50.0
0.31730807, 1.0, 0.0, 10.0
0.14741094, 1.0, 1.0, 7.0
0.52452046, 0.0, 0.0, 6.0
0.1385562, 1.0, 0.0, 40.0
0.7489746, -1.0, 2.0, 50.0
0.97319627, 1.0, 2.0, 45.0
0.023761684, 1.0, 0.0, 9.0
0.070471205, 1.0, 1.0, 43.0
0.5692023, 1.0, 1.0, 6.0
0.8849888, 1.0, 0.0, 41.0
0.2808451, 1.0, 0.0, 8.0
0.92809445, 1.0, 2.0, 46.0
0.52905315, 1.0, 1.0, 44.0
0.7663522, 1.0, 0.0, 42.0
0.5693742, -2.0, 0.0, 50.0
0.85077673, 1.0, 0.0, 7.0
0.7495498, -1.0, 1.0, 50.0
0.98333466, 1.0, 1.0, 45.0
0.380664, 1.0, 2.0, 47.0
0.809662, 1.0, 0.0, 43.0
0.32066166, 1.0, 0.0, 6.0
0.3694996, 0.0, 2.0, 50.0
0.7180053, 1.0, 1.0, 46.0
0.5103057, 1.0, 0.0, 44.0
0.96694213, 1.0, 2.0, 48.0
0.8367889, -1.0, 0.0, 50.0
0.23469588, 1.0, 0.0, 45.0
0.9322496, 1.0, 1.0, 47.0
0.20147851, 1.0, 2.0, 49.0
0.33978814, 0.0, 1.0, 50.0
0.18876821, 1.0, 0.0, 46.0
0.36642295, 1.0, 1.0, 48.0
0.18766779, 1.0, 2.0, 50.0
0.19537799, 1.0, 0.0, 47.0
0.50082195, 1.0, 1.0, 49.0
0.22627954, 0.0, 0.0, 50.0
0.6074324, 1.0, 0.0, 48.0
0.5654186, 1.0, 1.0, 50.0
0.2960951, 1.0, 0.0, 49.0
0.35486972, 1.0, 0.0, 50.0
