0.18217276, -30.0, 2.0, 12.0
0.4388799, -29.0, 2.0, 12.0
0.38699195, -31.0, 2.0, 12.0
0.79505587, -28.0, 2.0, 12.0
0.8100256, -32.0, 2.0, 12.0
0.19341956, -27.0, 2.0, 12.0
0.99213904, -33.0, 2.0, 12.0
0.36386132, -26.0, 2.0, 12.0
0.4868787, -34.0, 2.0, 12.0
0.9794003, -25.0, 2.0, 12.0
0.5469556, -30.0, 2.0, 13.0
0.5392658, -29.0, 2.0, 13.0
0.98739725, -31.0, 2.0, 13.0
0.042228617, -35.0, 2.0, 12.0
0.78184247, -28.0, 2.0, 13.0
0.9533113, -32.0, 2.0, 13.0
0.7364962, -27.0, 2.0, 13.0
0.10420735, -33.0, 2.0, 13.0
0.2125025, -24.0, 2.0, 12.0
0.09673755, -36.0, 2.0, 12.0
0.6649367, -26.0, 2.0, 13.0
0.96531147, -34.0, 2.0, 13.0
0.14639829, -23.0, 2.0, 12.0
0.9675666, -25.0, 2.0, 13.0
0.6245579, -37.0, 2.0, 12.0
0.534214, -35.0, 2.0, 13.0
0.30336666, -30.0, 2.0, 14.0
0.44481272, -29.0, 2.0, 14.0
0.26246783, -31.0, 2.0, 14.0
0.98404914, -28.0, 2.0, 14.0
0.86230826, -32.0, 2.0, 14.0
0.15455987, -24.0, 2.0, 13.0
0.05527294, -27.0, 2.0, 14.0
0.41197205, -33.0, 2.0, 14.0
0.12575635, -36.0, 2.0, 13.0
0.9833448, -38.0, 2.0, 12.0
0.41243497, -26.0, 2.0, 14.0
0.7223948, -34.0, 2.0, 14.0
0.28026053, -23.0, 2.0, 13.0
0.93772864, -37.0, 2.0, 13.0
0.37210065, -25.0, 2.0, 14.0
0.45084682, -35.0, 2.0, 14.0
0.9229034, -30.0, 2.0, 15.0
0.7491355, -29.0, 2.0, 15.0
0.43325832, -31.0, 2.0, 15.0
0.8987308, -39.0, 2.0, 12.0
0.122902185, -28.0, 2.0, 15.0
0.4794815, -32.0, 2.0, 15.0
0.49483287, -24.0, 2.0, 14.0
0.25881356, -36.0, 2.0, 14.0
0.79212916, -27.0, 2.0, 15.0
0.3958134, -33.0, 2.0, 15.0
0.7053383, -38.0, 2.0, 13.0
0.37711218, -26.0, 2.0, 15.0
0.049518194, -34.0, 2.0, 15.0
0.5511215, -23.0, 2.0, 14.0
0.26596546, -37.0, 2.0, 14.0
0.4189065, -40.0, 2.0, 12.0
0.08170712, -25.0, 2.0, 15.0
0.8336853, -35.0, 2.0, 15.0
0.87548965, -39.0, 2.0, 13.0
0.9849289, -30.0, 2.0, 16.0
0.72589856, -29.0, 2.0, 16.0
0.7287585, -31.0, 2.0, 16.0
0.5571408, -28.0, 2.0, 16.0
0.15835212, -32.0, 2.0, 16.0
0.63080484, -24.0, 2.0, 15.0
0.6740922, -38.0, 2.0, 14.0
0.06558752, -36.0, 2.0, 15.0
0.55401796, -27.0, 2.0, 16.0
0.3876749, -19.0, 2.0, 12.0
0.684742, -33.0, 2.0, 16.0
0.9364424, -41.0, 2.0, 12.0
0.6884175, -26.0, 2.0, 16.0
0.46578512, -40.0, 2.0, 13.0
0.87280107, -34.0, 2.0, 16.0
0.5112058, -23.0, 2.0, 15.0
0.89225614, -37.0, 2.0, 15.0
0.13540696, -39.0, 2.0, 14.0
0.5941439, -25.0, 2.0, 16.0
0.9473222, -35.0, 2.0, 16.0
0.54700553, -18.0, 2.0, 12.0
0.8161488, -30.0, 2.0, 17.0
0.21696317, -29.0, 2.0, 17.0
0.30602962, -19.0, 2.0, 13.0
0.6426652, -31.0, 2.0, 17.0
0.44970155, -38.0, 2.0, 15.0
0.9258257, -24.0, 2.0, 16.0
0.29994377, -42.0, 2.0, 12.0
0.52602786, -28.0, 2.0, 17.0
0.5633996, -32.0, 2.0, 17.0
0.5501709, -36.0, 2.0, 16.0
0.17782293, -41.0, 2.0, 13.0
0.23706047, -27.0, 2.0, 17.0
0.6646439, -33.0, 2.0, 17.0
0.13761769, -40.0, 2.0, 14.0
0.5257197, -23.0, 2.0, 16.0
0.015586812, -26.0, 2.0, 17.0
0.48611268, -34.0, 2.0, 17.0
0.88014364, -37.0, 2.0, 16.0
0.47173247, -39.0, 2.0, 15.0
0.4012739, -18.0, 2.0, 13.0
0.38782358, -17.0, 2.0, 12.0
0.04514413, -25.0, 2.0, 17.0
0.8958273, -35.0, 2.0, 17.0
0.8469979, -19.0, 2.0, 14.0
0.91448796, -42.0, 2.0, 13.0
0.76357454, -43.0, 2.0, 12.0
0.7667096, -22.0, 2.0, 16.0
0.9189837, -41.0, 2.0, 14.0
0.105235904, -38.0, 2.0, 16.0
0.88382465, -30.0, 2.0, 18.0
0.6544817, -24.0, 2.0, 17.0
0.96668357, -29.0, 2.0, 18.0
0.65766984, -31.0, 2.0, 18.0
0.61266905, -36.0, 2.0, 17.0
0.8008308, -28.0, 2.0, 18.0
0.6111803, -40.0, 2.0, 15.0
0.45933974, -32.0, 2.0, 18.0
0.3335828, -27.0, 2.0, 18.0
0.86774933, -33.0, 2.0, 18.0
0.5229701, -21.0, 2.0, 16.0
0.31711394, -23.0, 2.0, 17.0
0.8179068, -17.0, 2.0, 13.0
0.6312985, -26.0, 2.0, 18.0
0.7383017, -39.0, 2.0, 16.0
0.9385538, -37.0, 2.0, 17.0
0.025793564, -18.0, 2.0, 14.0
0.43868142, -16.0, 2.0, 12.0
0.19781826, -34.0, 2.0, 18.0
0.34928265, -43.0, 2.0, 13.0
0.83155745, -42.0, 2.0, 14.0
0.2049033, -44.0, 2.0, 12.0
0.28206775, -19.0, 2.0, 15.0
0.9664718, -25.0, 2.0, 18.0
0.30200103, -41.0, 2.0, 15.0
0.08955013, -35.0, 2.0, 18.0
0.8655198, -38.0, 2.0, 17.0
0.49095052, -20.0, 2.0, 16.0
0.60648274, -40.0, 2.0, 16.0
0.76472896, -24.0, 2.0, 18.0
0.81404585, -30.0, 2.0, 19.0
0.62907815, -36.0, 2.0, 18.0
0.24393716, -29.0, 2.0, 19.0
0.36196765, -31.0, 2.0, 19.0
0.9103899, -28.0, 2.0, 19.0
0.4104007, -17.0, 2.0, 14.0
0.03475488, -16.0, 2.0, 13.0
0.7688812, -32.0, 2.0, 19.0
0.9079786, -18.0, 2.0, 15.0
0.5282457, -43.0, 2.0, 14.0
0.24437296, -15.0, 2.0, 12.0
0.93567, -27.0, 2.0, 19.0
0.7854879, -44.0, 2.0, 13.0
0.6977937, -33.0, 2.0, 19.0
0.28062364, -23.0, 2.0, 18.0
0.24702153, -39.0, 2.0, 17.0
0.3029053, -42.0, 2.0, 15.0
0.49979588, -45.0, 2.0, 12.0
0.6383338, -37.0, 2.0, 18.0
0.8167466, -26.0, 2.0, 19.0
0.6443969, -19.0, 2.0, 16.0
0.55799025, -34.0, 2.0, 19.0
0.15236236, -41.0, 2.0, 16.0
0.7704879, -25.0, 2.0, 19.0
0.27410752, -35.0, 2.0, 19.0
0.18440385, -38.0, 2.0, 18.0
0.1642094, -40.0, 2.0, 17.0
0.19609691, -16.0, 2.0, 14.0
0.12809397, -17.0, 2.0, 15.0
0.81910795, -15.0, 2.0, 13.0
0.90752476, -24.0, 2.0, 19.0
0.46178278, -44.0, 2.0, 14.0
0.9189112, -43.0, 2.0, 15.0
0.68962836, -36.0, 2.0, 19.0
0.27429017, -45.0, 2.0, 13.0
0.028895194, -18.0, 2.0, 16.0
0.6389414, -30.0, 2.0, 20.0
0.12009525, -14.0, 2.0, 12.0
0.13614379, -29.0, 2.0, 20.0
0.71920997, -31.0, 2.0, 20.0
0.3143758, -28.0, 2.0, 20.0
0.8313489, -42.0, 2.0, 16.0
0.5642613, -32.0, 2.0, 20.0
0.6358452, -46.0, 2.0, 12.0
0.68383133, -39.0, 2.0, 18.0
0.39060205, -27.0, 2.0, 20.0
0.6164035, -23.0, 2.0, 19.0
0.58244216, -19.0, 2.0, 17.0
0.7539016, -33.0, 2.0, 20.0
0.6928906, -37.0, 2.0, 19.0
0.8411853, -41.0, 2.0, 17.0
0.87700516, -26.0, 2.0, 20.0
0.11851433, -34.0, 2.0, 20.0
0.9864291, -16.0, 2.0, 15.0
0.2873154, -15.0, 2.0, 14.0
0.9147992, -25.0, 2.0, 20.0
0.51978713, -17.0, 2.0, 16.0
0.4901184, -14.0, 2.0, 13.0
0.59950453, -44.0, 2.0, 15.0
0.69896543, -35.0, 2.0, 20.0
0.37514296, -45.0, 2.0, 14.0
0.09383734, -40.0, 2.0, 18.0
0.73293, -38.0, 2.0, 19.0
0.82801974, -43.0, 2.0, 16.0
0.8987676, -46.0, 2.0, 13.0
0.9807818, -18.0, 2.0, 17.0
0.9245956, -13.0, 2.0, 12.0
0.106158905, -24.0, 2.0, 20.0
0.0050624292, -42.0, 2.0, 17.0
0.26599818, -36.0, 2.0, 20.0
0.8226162, -47.0, 2.0, 12.0
0.025306223, -30.0, 2.0, 21.0
0.3975647, -29.0, 2.0, 21.0
0.906391, -31.0, 2.0, 21.0
0.09340545, -39.0, 2.0, 19.0
0.8570861, -19.0, 2.0, 18.0
0.1188787, -28.0, 2.0, 21.0
0.20486636, -32.0, 2.0, 21.0
0.4019377, -41.0, 2.0, 18.0
0.9884254, -23.0, 2.0, 20.0
0.36548126, -27.0, 2.0, 21.0
0.20490688, -15.0, 2.0, 15.0
0.3917018, -33.0, 2.0, 21.0
0.43623635, -37.0, 2.0, 20.0
0.5558359, -16.0, 2.0, 16.0
0.15175624, -14.0, 2.0, 14.0
0.17865978, -45.0, 2.0, 15.0
0.18464507, -26.0, 2.0, 21.0
0.48106918, -44.0, 2.0, 16.0
0.98252386, -17.0, 2.0, 17.0
0.9174683, -46.0, 2.0, 14.0
0.10248562, -34.0, 2.0, 21.0
0.86453396, -13.0, 2.0, 13.0
0.49990308, -43.0, 2.0, 17.0
0.19841607, -40.0, 2.0, 19.0
0.7192889, -47.0, 2.0, 13.0
0.80990434, -25.0, 2.0, 21.0
0.48282972, -38.0, 2.0, 20.0
0.38997623, -35.0, 2.0, 21.0
0.06475297, -18.0, 2.0, 18.0
0.42701772, -12.0, 2.0, 12.0
0.49229026, -42.0, 2.0, 18.0
0.55456746, -48.0, 2.0, 12.0
0.1096893, -24.0, 2.0, 21.0
0.39049828, -36.0, 2.0, 21.0
0.541621, -15.0, 2.0, 16.0
0.23406339, -14.0, 2.0, 15.0
0.08569636, -19.0, 2.0, 19.0
0.30826926, -39.0, 2.0, 20.0
0.1180242, -30.0, 2.0, 22.0
0.22678432, -16.0, 2.0, 17.0
0.10632168, -29.0, 2.0, 22.0
0.5553783, -41.0, 2.0, 19.0
0.26565725, -31.0, 2.0, 22.0
0.45915207, -13.0, 2.0, 14.0
0.06422934, -45.0, 2.0, 16.0
0.66313386, -46.0, 2.0, 15.0
0.57053745, -28.0, 2.0, 22.0
0.19288258, -32.0, 2.0, 22.0
0.73689896, -23.0, 2.0, 21.0
0.44436756, -44.0, 2.0, 17.0
0.92363364, -47.0, 2.0, 14.0
0.10253682, -37.0, 2.0, 21.0
0.39763966, -27.0, 2.0, 22.0
0.7827115, -17.0, 2.0, 18.0
0.880902, -33.0, 2.0, 22.0
0.20844622, -12.0, 2.0, 13.0
0.99920964, -43.0, 2.0, 18.0
0.41709575, -26.0, 2.0, 22.0
0.28765488, -48.0, 2.0, 13.0
0.25647357, -34.0, 2.0, 22.0
0.17409156, -40.0, 2.0, 20.0
0.112245075, -18.0, 2.0, 19.0
0.58953357, -11.0, 2.0, 12.0
0.8987659, -38.0, 2.0, 21.0
0.87847924, -25.0, 2.0, 22.0
0.32177228, -42.0, 2.0, 19.0
0.9134906, -35.0, 2.0, 22.0
0.9486013, -14.0, 2.0, 16.0
0.496292, -49.0, 2.0, 12.0
0.8225361, -15.0, 2.0, 17.0
0.56956816, -13.0, 2.0, 15.0
0.057626363, -46.0, 2.0, 16.0
0.6150372, -45.0, 2.0, 17.0
0.8272528, -24.0, 2.0, 22.0
0.097893335, -16.0, 2.0, 18.0
0.39522743, -47.0, 2.0, 15.0
0.48710334, -19.0, 2.0, 20.0
0.76691985, -12.0, 2.0, 14.0
0.36519247, -36.0, 2.0, 22.0
0.29747266, -41.0, 2.0, 20.0
0.3980701, -39.0, 2.0, 21.0
0.2754306, -44.0, 2.0, 18.0
0.50126135, -48.0, 2.0, 14.0
0.39700827, -30.0, 2.0, 23.0
0.7778825, -17.0, 2.0, 19.0
0.9058305, -29.0, 2.0, 23.0
0.6582089, -31.0, 2.0, 23.0
0.44548753, -11.0, 2.0, 13.0
0.91124254, -23.0, 2.0, 22.0
0.76098335, -28.0, 2.0, 23.0
0.67392653, -32.0, 2.0, 23.0
0.8965557, -43.0, 2.0, 19.0
0.53032905, -37.0, 2.0, 22.0
0.5309883, -49.0, 2.0, 13.0
0.7261169, -27.0, 2.0, 23.0
0.33011037, -33.0, 2.0, 23.0
0.40596706, -18.0, 2.0, 20.0
0.39550808, -40.0, 2.0, 21.0
0.97434926, -26.0, 2.0, 23.0
0.96750134, -14.0, 2.0, 17.0
0.2926219, -13.0, 2.0, 16.0
0.871239, -10.0, 2.0, 12.0
0.0049914634, -34.0, 2.0, 23.0
0.8525294, -42.0, 2.0, 20.0
0.22810416, -15.0, 2.0, 18.0
0.9630737, -12.0, 2.0, 15.0
0.61750096, -38.0, 2.0, 22.0
0.7545496, -46.0, 2.0, 17.0
0.24062805, -47.0, 2.0, 16.0
0.9120779, -50.0, 2.0, 12.0
0.12044048, -25.0, 2.0, 23.0
0.48767838, -45.0, 2.0, 18.0
0.9738737, -35.0, 2.0, 23.0
0.4242235, -48.0, 2.0, 15.0
0.8417164, -16.0, 2.0, 19.0
0.13405079, -11.0, 2.0, 14.0
0.60496217, -19.0, 2.0, 21.0
0.5108888, -44.0, 2.0, 19.0
0.9999217, -49.0, 2.0, 14.0
0.6092686, -24.0, 2.0, 23.0
0.70075893, -41.0, 2.0, 21.0
0.9754591, -36.0, 2.0, 23.0
0.432296, -39.0, 2.0, 22.0
0.11462505, -17.0, 2.0, 20.0
0.3346804, -10.0, 2.0, 13.0
0.13992989, -43.0, 2.0, 20.0
0.92970103, -30.0, 2.0, 24.0
0.28338823, -29.0, 2.0, 24.0
0.86918485, -50.0, 2.0, 13.0
0.62123567, -31.0, 2.0, 24.0
0.09013997, -23.0, 2.0, 23.0
0.24736953, -13.0, 2.0, 17.0
0.29838812, -37.0, 2.0, 23.0
0.8390972, -28.0, 2.0, 24.0
0.6697331, -14.0, 2.0, 18.0
0.42519954, -32.0, 2.0, 24.0
0.940751, -12.0, 2.0, 16.0
0.46550143, -47.0, 2.0, 17.0
0.3836957, -18.0, 2.0, 21.0
0.5651787, -27.0, 2.0, 24.0
0.5735438, -46.0, 2.0, 18.0
0.21049725, -33.0, 2.0, 24.0
0.98974526, -15.0, 2.0, 19.0
0.46326554, -48.0, 2.0, 16.0
0.8088015, -40.0, 2.0, 22.0
0.17981157, -9.0, 2.0, 12.0
0.27249917, -11.0, 2.0, 15.0
0.8207102, -42.0, 2.0, 21.0
0.6247398, -45.0, 2.0, 19.0
0.5368601, -26.0, 2.0, 24.0
0.2398068, -34.0, 2.0, 24.0
0.9060373, -49.0, 2.0, 15.0
0.48711202, -38.0, 2.0, 23.0
0.3550479, -16.0, 2.0, 20.0
0.4405918, -10.0, 2.0, 14.0
0.04252621, -44.0, 2.0, 20.0
0.42174155, -25.0, 2.0, 24.0
0.3558239, -35.0, 2.0, 24.0
0.8186642, -50.0, 2.0, 14.0
0.45503306, -19.0, 2.0, 22.0
0.7324764, -41.0, 2.0, 22.0
0.69377613, -17.0, 2.0, 21.0
0.9280942, -24.0, 2.0, 24.0
0.67894346, -9.0, 2.0, 13.0
0.7980662, -39.0, 2.0, 23.0
0.07212208, -13.0, 2.0, 18.0
0.6531232, -12.0, 2.0, 17.0
0.5592409, -36.0, 2.0, 24.0
0.52697283, -43.0, 2.0, 21.0
0.2502712, -14.0, 2.0, 19.0
0.79921794, -11.0, 2.0, 16.0
0.8491208, -47.0, 2.0, 18.0
0.6008821, -48.0, 2.0, 17.0
0.43970507, -46.0, 2.0, 19.0
0.051760547, -49.0, 2.0, 16.0
0.555275, -23.0, 2.0, 24.0
0.5956918, -15.0, 2.0, 20.0
0.17524265, -30.0, 2.0, 25.0
0.8349961, -29.0, 2.0, 25.0
0.47091776, -10.0, 2.0, 15.0
0.4330103, -31.0, 2.0, 25.0
0.9958269, -37.0, 2.0, 24.0
0.54624444, -18.0, 2.0, 22.0
0.78781855, -28.0, 2.0, 25.0
0.38570642, -32.0, 2.0, 25.0
0.67229074, -45.0, 2.0, 20.0
0.48901507, -8.0, 2.0, 12.0
0.28505376, -42.0, 2.0, 22.0
0.03780954, -40.0, 2.0, 23.0
0.77912885, -50.0, 2.0, 15.0
0.58354694, -27.0, 2.0, 25.0
0.3548826, -33.0, 2.0, 25.0
0.18206732, -16.0, 2.0, 21.0
0.12312485, -9.0, 2.0, 14.0
0.5944275, -26.0, 2.0, 25.0
0.045100126, -44.0, 2.0, 21.0
0.6277254, -34.0, 2.0, 25.0
0.9137503, -38.0, 2.0, 24.0
0.1823284, -12.0, 2.0, 18.0
0.37241372, -19.0, 2.0, 23.0
0.28660175, -25.0, 2.0, 25.0
0.58857536, -13.0, 2.0, 19.0
0.56052834, -11.0, 2.0, 17.0
0.39283586, -35.0, 2.0, 25.0
0.70728564, -17.0, 2.0, 22.0
0.8914993, -41.0, 2.0, 23.0
0.9167754, -48.0, 2.0, 18.0
0.9027808, -8.0, 2.0, 13.0
0.43530005, -47.0, 2.0, 19.0
0.14243014, -14.0, 2.0, 20.0
0.047175363, -43.0, 2.0, 22.0
0.18849824, -10.0, 2.0, 16.0
0.19132249, -49.0, 2.0, 17.0
0.6341131, -39.0, 2.0, 24.0
0.84117395, -24.0, 2.0, 25.0
0.94167244, -46.0, 2.0, 20.0
0.8800692, -36.0, 2.0, 25.0
0.74512714, -50.0, 2.0, 16.0
0.3553349, -15.0, 2.0, 21.0
0.31546006, -9.0, 2.0, 15.0
0.869203, -45.0, 2.0, 21.0
0.6676403, -18.0, 2.0, 23.0
0.21849814, -23.0, 2.0, 25.0
0.107936434, -7.0, 2.0, 12.0
0.8106353, -37.0, 2.0, 25.0
0.614334, -30.0, 2.0, 26.0
0.022034433, -42.0, 2.0, 23.0
0.2288639, -29.0, 2.0, 26.0
0.5158491, -31.0, 2.0, 26.0
0.9909762, -40.0, 2.0, 24.0
0.1662971, -16.0, 2.0, 22.0
0.93089217, -28.0, 2.0, 26.0
0.042377032, -32.0, 2.0, 26.0
0.2994464, -8.0, 2.0, 14.0
0.3580032, -44.0, 2.0, 22.0
0.7677456, -27.0, 2.0, 26.0
0.20032904, -12.0, 2.0, 19.0
0.47058144, -11.0, 2.0, 18.0
0.58315957, -33.0, 2.0, 26.0
0.87964755, -13.0, 2.0, 20.0
0.14586905, -10.0, 2.0, 17.0
0.91703576, -38.0, 2.0, 25.0
0.916282, -48.0, 2.0, 19.0
1.7751082E-4, -26.0, 2.0, 26.0
0.5927994, -49.0, 2.0, 18.0
0.84341675, -34.0, 2.0, 26.0
0.969039, -47.0, 2.0, 20.0
0.5289516, -19.0, 2.0, 24.0
0.4439195, -50.0, 2.0, 17.0
0.2542782, -14.0, 2.0, 21.0
0.13008349, -17.0, 2.0, 23.0
0.120963104, -9.0, 2.0, 16.0
0.32058224, -7.0, 2.0, 13.0
0.66012406, -41.0, 2.0, 24.0
0.0027196426, -25.0, 2.0, 26.0
0.5061139, -43.0, 2.0, 23.0
0.55188084, -46.0, 2.0, 21.0
0.69739556, -35.0, 2.0, 26.0
0.6081842, -39.0, 2.0, 25.0
0.6714141, -15.0, 2.0, 22.0
0.67415524, -8.0, 2.0, 15.0
0.75048506, -24.0, 2.0, 26.0
0.98970467, -36.0, 2.0, 26.0
0.113521986, -45.0, 2.0, 22.0
0.3870156, -18.0, 2.0, 24.0
0.19213979, -11.0, 2.0, 19.0
0.82612956, -6.0, 2.0, 12.0
0.6007412, -42.0, 2.0, 24.0
0.21383859, -12.0, 2.0, 20.0
0.04318952, -23.0, 2.0, 26.0
0.54380846, -16.0, 2.0, 23.0
0.77128863, -10.0, 2.0, 18.0
0.8226991, -37.0, 2.0, 26.0
0.6933524, -7.0, 2.0, 14.0
0.20153323, -40.0, 2.0, 25.0
0.9385903, -49.0, 2.0, 19.0
0.07795871, -30.0, 2.0, 27.0
0.82194334, -44.0, 2.0, 23.0
0.115733206, -13.0, 2.0, 21.0
0.67455935, -29.0, 2.0, 27.0
0.4132395, -48.0, 2.0, 20.0
0.8106294, -31.0, 2.0, 27.0
0.7917517, -9.0, 2.0, 17.0
0.098254286, -50.0, 2.0, 18.0
0.04326991, -28.0, 2.0, 27.0
0.7499484, -32.0, 2.0, 27.0
0.23191197, -47.0, 2.0, 21.0
0.31001174, -27.0, 2.0, 27.0
0.8650968, -33.0, 2.0, 27.0
0.6071239, -22.0, 2.0, 26.0
0.102215916, -14.0, 2.0, 22.0
0.08009291, -8.0, 2.0, 16.0
0.6384162, -38.0, 2.0, 26.0
0.24478544, -17.0, 2.0, 24.0
0.5568991, -26.0, 2.0, 27.0
0.7260784, -46.0, 2.0, 22.0
0.18028219, -19.0, 2.0, 25.0
0.75851667, -34.0, 2.0, 27.0
0.7437008, -6.0, 2.0, 13.0
0.0946913, -43.0, 2.0, 24.0
0.86121315, -41.0, 2.0, 25.0
0.035730667, -25.0, 2.0, 27.0
0.14258896, -15.0, 2.0, 23.0
0.7014239, -35.0, 2.0, 27.0
0.6477186, -7.0, 2.0, 15.0
0.52918684, -21.0, 2.0, 26.0
0.9268137, -45.0, 2.0, 23.0
0.37528828, -39.0, 2.0, 26.0
0.30053285, -11.0, 2.0, 20.0
0.98553795, -10.0, 2.0, 19.0
0.47754502, -24.0, 2.0, 27.0
0.20620732, -12.0, 2.0, 21.0
0.10834422, -9.0, 2.0, 18.0
0.27261347, -36.0, 2.0, 27.0
0.031984046, -49.0, 2.0, 20.0
0.19900623, -50.0, 2.0, 19.0
0.713571, -18.0, 2.0, 25.0
0.5087175, -48.0, 2.0, 21.0
0.1997195, -16.0, 2.0, 24.0
0.8006622, -5.0, 2.0, 12.0
0.16973948, -42.0, 2.0, 25.0
0.41303903, -13.0, 2.0, 22.0
0.74323374, -6.0, 2.0, 14.0
0.3864133, -8.0, 2.0, 17.0
0.35927945, -20.0, 2.0, 26.0
0.16834237, -44.0, 2.0, 24.0
0.5858458, -23.0, 2.0, 27.0
0.86552393, -47.0, 2.0, 22.0
0.2960598, -40.0, 2.0, 26.0
0.11542683, -37.0, 2.0, 27.0
0.4840116, -30.0, 2.0, 28.0
0.7989495, -14.0, 2.0, 23.0
0.638744, -29.0, 2.0, 28.0
0.2834141, -31.0, 2.0, 28.0
0.18078436, -7.0, 2.0, 16.0
0.8088372, -28.0, 2.0, 28.0
0.94905424, -32.0, 2.0, 28.0
0.10074268, -46.0, 2.0, 23.0
0.1433711, -27.0, 2.0, 28.0
0.60374755, -17.0, 2.0, 25.0
0.8432895, -33.0, 2.0, 28.0
0.62881863, -38.0, 2.0, 27.0
0.18010339, -19.0, 2.0, 26.0
0.64367336, -5.0, 2.0, 13.0
0.2059521, -43.0, 2.0, 25.0
0.3135928, -26.0, 2.0, 28.0
0.3307744, -41.0, 2.0, 26.0
0.3253806, -10.0, 2.0, 20.0
0.061093315, -15.0, 2.0, 24.0
0.55990386, -34.0, 2.0, 28.0
0.42917582, -11.0, 2.0, 21.0
0.58129054, -9.0, 2.0, 19.0
0.5299985, -6.0, 2.0, 15.0
0.3992488, -45.0, 2.0, 24.0
0.6478025, -50.0, 2.0, 20.0
0.95406663, -12.0, 2.0, 22.0
0.5430881, -49.0, 2.0, 21.0
0.14370999, -25.0, 2.0, 28.0
0.15207344, -8.0, 2.0, 18.0
0.5342663, -35.0, 2.0, 28.0
0.6194199, -39.0, 2.0, 27.0
0.19709133, -48.0, 2.0, 22.0
0.71505356, -13.0, 2.0, 23.0
0.62986237, -7.0, 2.0, 17.0
0.07893546, -18.0, 2.0, 26.0
0.12888388, -24.0, 2.0, 28.0
0.7735398, -16.0, 2.0, 25.0
0.6741347, -36.0, 2.0, 28.0
0.5106011, -4.0, 2.0, 12.0
0.707503, -5.0, 2.0, 14.0
0.942511, -42.0, 2.0, 26.0
0.67237675, -47.0, 2.0, 23.0
0.18385188, -44.0, 2.0, 25.0
0.8363089, -14.0, 2.0, 24.0
0.44732288, -40.0, 2.0, 27.0
0.4380593, -23.0, 2.0, 28.0
0.36125523, -6.0, 2.0, 16.0
0.23924279, -37.0, 2.0, 28.0
0.28166094, -46.0, 2.0, 24.0
0.9755359, -30.0, 2.0, 29.0
0.14706768, -10.0, 2.0, 21.0
0.30248132, -9.0, 2.0, 20.0
0.154149, -29.0, 2.0, 29.0
0.6290731, -31.0, 2.0, 29.0
0.5893672, -17.0, 2.0, 26.0
0.69433224, -28.0, 2.0, 29.0
0.4476425, -11.0, 2.0, 22.0
0.036930636, -32.0, 2.0, 29.0
0.24270053, -8.0, 2.0, 19.0
0.2576644, -4.0, 2.0, 13.0
0.4826189, -50.0, 2.0, 21.0
0.5044159, -43.0, 2.0, 26.0
0.29369274, -19.0, 2.0, 27.0
0.19748546, -15.0, 2.0, 25.0
0.34971052, -27.0, 2.0, 29.0
0.14127737, -38.0, 2.0, 28.0
0.65382504, -33.0, 2.0, 29.0
0.7708517, -49.0, 2.0, 22.0
0.4563076, -5.0, 2.0, 15.0
0.9965022, -12.0, 2.0, 23.0
0.13159336, -41.0, 2.0, 27.0
0.5271134, -7.0, 2.0, 18.0
0.7182926, -45.0, 2.0, 25.0
0.46752465, -26.0, 2.0, 29.0
0.910519, -34.0, 2.0, 29.0
0.6435706, -48.0, 2.0, 23.0
0.020349044, -13.0, 2.0, 24.0
0.46104887, -25.0, 2.0, 29.0
0.07998968, -6.0, 2.0, 17.0
0.05493439, -35.0, 2.0, 29.0
0.16692172, -39.0, 2.0, 28.0
0.13913544, -47.0, 2.0, 24.0
0.8926683, -16.0, 2.0, 26.0
0.88455766, -18.0, 2.0, 27.0
0.05078694, -4.0, 2.0, 14.0
0.59689474, -44.0, 2.0, 26.0
0.7552131, -3.0, 2.0, 12.0
0.15122215, -42.0, 2.0, 27.0
0.1773255, -24.0, 2.0, 29.0
0.48707715, -36.0, 2.0, 29.0
0.6983113, -14.0, 2.0, 25.0
0.8473365, -9.0, 2.0, 21.0
0.99997276, -5.0, 2.0, 16.0
0.4320441, -10.0, 2.0, 22.0
0.21753776, -8.0, 2.0, 20.0
0.2627215, -46.0, 2.0, 25.0
0.7459535, -40.0, 2.0, 28.0
0.045050476, -23.0, 2.0, 29.0
0.9283037, -11.0, 2.0, 23.0
0.8627297, -50.0, 2.0, 22.0
0.54129255, -7.0, 2.0, 19.0
0.5204635, -37.0, 2.0, 29.0
0.4361743, -49.0, 2.0, 23.0
0.12026445, -17.0, 2.0, 27.0
0.68022376, -12.0, 2.0, 24.0
0.046488095, -30.0, 2.0, 30.0
0.18808587, -15.0, 2.0, 26.0
0.44833678, -3.0, 2.0, 13.0
0.82650375, -29.0, 2.0, 30.0
0.74416536, -6.0, 2.0, 18.0
0.8405058, -31.0, 2.0, 30.0
0.78311694, -43.0, 2.0, 27.0
0.7827698, -4.0, 2.0, 15.0
0.4428548, -28.0, 2.0, 30.0
0.85733324, -19.0, 2.0, 28.0
0.42700762, -32.0, 2.0, 30.0
0.21896264, -45.0, 2.0, 26.0
0.36510727, -48.0, 2.0, 24.0
0.6333478, -38.0, 2.0, 29.0
0.47708783, -41.0, 2.0, 28.0
0.41196945, -27.0, 2.0, 30.0
0.71277994, -33.0, 2.0, 30.0
0.4282713, -13.0, 2.0, 25.0
0.5363446, -5.0, 2.0, 17.0
0.61602443, -26.0, 2.0, 30.0
0.2214406, -34.0, 2.0, 30.0
0.7920139, -47.0, 2.0, 25.0
0.43343154, -16.0, 2.0, 27.0
0.15703644, -39.0, 2.0, 29.0
0.98155403, -25.0, 2.0, 30.0
0.96343654, -9.0, 2.0, 22.0
0.36126342, -8.0, 2.0, 21.0
0.7238973, -35.0, 2.0, 30.0
0.21263757, -18.0, 2.0, 28.0
0.9329668, -3.0, 2.0, 14.0
0.18557501, -10.0, 2.0, 23.0
0.6159565, -44.0, 2.0, 27.0
0.22051974, -7.0, 2.0, 20.0
0.47366416, -42.0, 2.0, 28.0
0.6716445, -2.0, 2.0, 12.0
0.89823055, -14.0, 2.0, 26.0
0.46802944, -4.0, 2.0, 16.0
0.46583855, -24.0, 2.0, 30.0
0.03070092, -50.0, 2.0, 23.0
0.5145488, -11.0, 2.0, 24.0
0.54589, -46.0, 2.0, 26.0
0.2670843, -36.0, 2.0, 30.0
0.4971056, -6.0, 2.0, 19.0
0.41371956, -49.0, 2.0, 24.0
0.84328663, -40.0, 2.0, 29.0
0.71259797, -23.0, 2.0, 30.0
0.6132181, -12.0, 2.0, 25.0
0.65493417, -5.0, 2.0, 18.0
0.88652253, -37.0, 2.0, 30.0
0.5699078, -17.0, 2.0, 28.0
0.5209276, -15.0, 2.0, 27.0
0.27600783, -48.0, 2.0, 25.0
0.63937163, -2.0, 2.0, 13.0
0.9176496, -3.0, 2.0, 15.0
0.8371503, -43.0, 2.0, 28.0
0.4316913, -45.0, 2.0, 27.0
0.5401845, -30.0, 2.0, 31.0
0.9697825, -19.0, 2.0, 29.0
0.6251644, -29.0, 2.0, 31.0
0.93916744, -31.0, 2.0, 31.0
0.68849677, -22.0, 2.0, 30.0
0.32464355, -13.0, 2.0, 26.0
0.5644746, -28.0, 2.0, 31.0
0.9039821, -41.0, 2.0, 29.0
0.38783592, -32.0, 2.0, 31.0
0.4825021, -38.0, 2.0, 30.0
0.66896755, -4.0, 2.0, 17.0
0.54203975, -8.0, 2.0, 22.0
0.2016172, -27.0, 2.0, 31.0
0.7457778, -9.0, 2.0, 23.0
0.80644095, -47.0, 2.0, 26.0
0.6619278, -7.0, 2.0, 21.0
0.785465, -33.0, 2.0, 31.0
0.29284787, -10.0, 2.0, 24.0
0.8321585, -26.0, 2.0, 31.0
0.52671695, -6.0, 2.0, 20.0
0.021991001, -34.0, 2.0, 31.0
0.29937497, -16.0, 2.0, 28.0
0.364904, -21.0, 2.0, 30.0
0.9755164, -50.0, 2.0, 24.0
0.403006, -2.0, 2.0, 14.0
0.47034508, -39.0, 2.0, 30.0
0.10607762, -44.0, 2.0, 28.0
0.75244623, -18.0, 2.0, 29.0
0.17933749, -14.0, 2.0, 27.0
0.24151379, -25.0, 2.0, 31.0
0.13069788, -11.0, 2.0, 25.0
0.96432334, -3.0, 2.0, 16.0
0.52987057, -35.0, 2.0, 31.0
0.21071514, -5.0, 2.0, 19.0
0.76374304, -42.0, 2.0, 29.0
0.46823707, -1.0, 2.0, 12.0
0.8891247, -46.0, 2.0, 27.0
0.06749733, -49.0, 2.0, 25.0
0.49608633, -24.0, 2.0, 31.0
0.7763267, -36.0, 2.0, 31.0
0.6166244, -20.0, 2.0, 30.0
0.40380508, -12.0, 2.0, 26.0
0.89134943, -4.0, 2.0, 18.0
0.757454, -40.0, 2.0, 30.0
0.39151767, -48.0, 2.0, 26.0
0.30893865, -15.0, 2.0, 28.0
0.5883184, -17.0, 2.0, 29.0
0.014097119, -23.0, 2.0, 31.0
0.07233997, -2.0, 2.0, 15.0
0.57877487, -37.0, 2.0, 31.0
0.31313854, -8.0, 2.0, 23.0
0.31767508, -1.0, 2.0, 13.0
0.2745187, -45.0, 2.0, 28.0
0.70224553, -7.0, 2.0, 22.0
0.2813215, -43.0, 2.0, 29.0
0.89664525, -9.0, 2.0, 24.0
0.5871568, -13.0, 2.0, 27.0
0.52732474, -6.0, 2.0, 21.0
0.4916726, -3.0, 2.0, 17.0
0.6890979, -19.0, 2.0, 30.0
0.17583042, -47.0, 2.0, 27.0
0.6542854, -41.0, 2.0, 30.0
0.19256265, -30.0, 2.0, 32.0
0.89520663, -10.0, 2.0, 25.0
0.49958056, -29.0, 2.0, 32.0
0.15574294, -31.0, 2.0, 32.0
0.23554157, -5.0, 2.0, 20.0
0.294774, -38.0, 2.0, 31.0
0.007973691, -28.0, 2.0, 32.0
0.18101142, -32.0, 2.0, 32.0
0.12210993, -50.0, 2.0, 25.0
0.8312463, -27.0, 2.0, 32.0
0.97805226, -33.0, 2.0, 32.0
0.36655584, -16.0, 2.0, 29.0
0.2965359, -11.0, 2.0, 26.0
0.9059535, -4.0, 2.0, 19.0
0.101190805, -14.0, 2.0, 28.0
0.74483174, -26.0, 2.0, 32.0
0.6409244, -1.0, 2.0, 14.0
0.67496336, -44.0, 2.0, 29.0
0.03631856, -34.0, 2.0, 32.0
0.020561164, -2.0, 2.0, 16.0
0.18831609, -49.0, 2.0, 26.0
0.39582062, -18.0, 2.0, 30.0
0.9086657, -39.0, 2.0, 31.0
0.6665021, -46.0, 2.0, 28.0
0.7854146, -42.0, 2.0, 30.0
0.5325776, 0.0, 2.0, 12.0
0.65213454, -25.0, 2.0, 32.0
0.28002575, -35.0, 2.0, 32.0
0.8086095, -12.0, 2.0, 27.0
0.8949013, -3.0, 2.0, 18.0
0.16859251, -7.0, 2.0, 23.0
0.037324216, -48.0, 2.0, 27.0
0.06528408, -24.0, 2.0, 32.0
0.56067914, -8.0, 2.0, 24.0
0.5088305, -6.0, 2.0, 22.0
0.8838293, -36.0, 2.0, 32.0
0.6969667, -40.0, 2.0, 31.0
0.7114251, -15.0, 2.0, 29.0
0.667623, -9.0, 2.0, 25.0
0.3074299, -5.0, 2.0, 21.0
0.24170423, -17.0, 2.0, 30.0
0.79592234, -1.0, 2.0, 15.0
0.12927368, -45.0, 2.0, 29.0
0.1553348, -23.0, 2.0, 32.0
0.010108192, -13.0, 2.0, 28.0
0.6299214, 0.0, 2.0, 13.0
2.2524518E-4, -43.0, 2.0, 30.0
0.97593355, -37.0, 2.0, 32.0
0.5828424, -2.0, 2.0, 17.0
0.13834468, -10.0, 2.0, 26.0
0.42175606, -4.0, 2.0, 20.0
0.79376787, -47.0, 2.0, 28.0
0.5468924, -19.0, 2.0, 31.0
0.45133185, -50.0, 2.0, 26.0
0.96848387, -41.0, 2.0, 31.0
0.058732994, -30.0, 2.0, 33.0
0.5537778, -11.0, 2.0, 27.0
0.9765932, -38.0, 2.0, 32.0
0.9073399, -29.0, 2.0, 33.0
0.749885, -31.0, 2.0, 33.0
0.40493673, -3.0, 2.0, 19.0
0.8879204, -28.0, 2.0, 33.0
0.5168734, -32.0, 2.0, 33.0
0.25974104, -16.0, 2.0, 30.0
0.14783545, -49.0, 2.0, 27.0
0.19333822, -14.0, 2.0, 29.0
0.1481919, -27.0, 2.0, 33.0
0.73671305, -33.0, 2.0, 33.0
0.100922465, 0.0, 2.0, 14.0
0.17626153, -1.0, 2.0, 16.0
0.34653628, -44.0, 2.0, 30.0
0.021327896, -46.0, 2.0, 29.0
0.31637016, -18.0, 2.0, 31.0
0.5391568, -26.0, 2.0, 33.0
0.1464377, -7.0, 2.0, 24.0
0.17614038, -6.0, 2.0, 23.0
0.23661539, -34.0, 2.0, 33.0
0.021588814, -39.0, 2.0, 32.0
0.6035961, -12.0, 2.0, 28.0
0.8797567, -42.0, 2.0, 31.0
0.20403117, 1.0, 2.0, 12.0
0.6131664, -8.0, 2.0, 25.0
0.7330671, -5.0, 2.0, 22.0
0.63214177, -2.0, 2.0, 18.0
0.042632595, -48.0, 2.0, 28.0
0.7367842, -25.0, 2.0, 33.0
0.28603825, -35.0, 2.0, 33.0
0.80139273, -9.0, 2.0, 26.0
0.14653917, -4.0, 2.0, 21.0
0.9386901, -15.0, 2.0, 30.0
0.21642224, -24.0, 2.0, 33.0
0.03141766, -36.0, 2.0, 33.0
0.3819874, -40.0, 2.0, 32.0
0.68929, 0.0, 2.0, 15.0
0.26368824, -10.0, 2.0, 27.0
0.42546797, -17.0, 2.0, 31.0
0.63800675, -45.0, 2.0, 30.0
0.8722357, -13.0, 2.0, 29.0
0.8097995, -3.0, 2.0, 20.0
0.22222894, -1.0, 2.0, 17.0
0.045443144, -43.0, 2.0, 31.0
0.41922414, 1.0, 2.0, 13.0
0.055819687, -47.0, 2.0, 29.0
0.38918197, -50.0, 2.0, 27.0
0.7248336, -23.0, 2.0, 33.0
0.3340677, -37.0, 2.0, 33.0
0.6076961, -19.0, 2.0, 32.0
0.6722093, -11.0, 2.0, 28.0
0.4207075, -2.0, 2.0, 19.0
0.04198048, -41.0, 2.0, 32.0
0.7609229, -49.0, 2.0, 28.0
0.16092034, -6.0, 2.0, 24.0
0.53320765, -7.0, 2.0, 25.0
0.5986559, -5.0, 2.0, 23.0
0.13023348, -38.0, 2.0, 33.0
0.35593545, -14.0, 2.0, 30.0
0.86749816, -16.0, 2.0, 31.0
0.7985953, -30.0, 2.0, 34.0
0.7831654, -29.0, 2.0, 34.0
0.057372395, -31.0, 2.0, 34.0
0.88724303, 0.0, 2.0, 16.0
0.63328016, -28.0, 2.0, 34.0
0.70528775, -8.0, 2.0, 26.0
0.13303708, 1.0, 2.0, 14.0
0.38051167, -32.0, 2.0, 34.0
0.8671611, -46.0, 2.0, 30.0
0.25007525, -44.0, 2.0, 31.0
0.37032872, -4.0, 2.0, 22.0
0.22478746, -12.0, 2.0, 29.0
0.72307354, -27.0, 2.0, 34.0
0.20785905, -33.0, 2.0, 34.0
0.16762759, -18.0, 2.0, 32.0
0.37232587, -1.0, 2.0, 18.0
0.7985687, -9.0, 2.0, 27.0
0.26597944, -48.0, 2.0, 29.0
0.7789403, -42.0, 2.0, 32.0
0.26792815, -3.0, 2.0, 21.0
0.37078425, -26.0, 2.0, 34.0
0.9262112, 2.0, 2.0, 12.0
0.18983696, -39.0, 2.0, 33.0
0.6582682, -34.0, 2.0, 34.0
0.18985993, -25.0, 2.0, 34.0
0.39572722, -35.0, 2.0, 34.0
0.4732204, -10.0, 2.0, 28.0
0.15522955, -15.0, 2.0, 31.0
0.7095383, -2.0, 2.0, 20.0
0.574312, -13.0, 2.0, 30.0
0.6502277, 1.0, 2.0, 15.0
0.97528017, -45.0, 2.0, 31.0
0.4584705, -50.0, 2.0, 28.0
0.023230735, -24.0, 2.0, 34.0
0.66457, -40.0, 2.0, 33.0
0.9927329, 0.0, 2.0, 17.0
0.9168838, -17.0, 2.0, 32.0
0.7201068, -36.0, 2.0, 34.0
0.06787559, -47.0, 2.0, 30.0
0.6168099, -43.0, 2.0, 32.0
0.8306461, 2.0, 2.0, 13.0
0.47935382, -6.0, 2.0, 25.0
0.409109, -11.0, 2.0, 29.0
0.030749347, -5.0, 2.0, 24.0
0.36839882, -1.0, 2.0, 19.0
0.14915533, -23.0, 2.0, 34.0
0.12289604, -7.0, 2.0, 26.0
0.015763635, -4.0, 2.0, 23.0
0.90731144, -37.0, 2.0, 34.0
0.0836798, -49.0, 2.0, 29.0
0.9195933, -19.0, 2.0, 33.0
0.92347777, -41.0, 2.0, 33.0
0.51914227, -8.0, 2.0, 27.0
0.9331636, -3.0, 2.0, 22.0
0.29419762, -14.0, 2.0, 31.0
0.35754767, -16.0, 2.0, 32.0
0.4206748, 1.0, 2.0, 16.0
0.49469054, -46.0, 2.0, 31.0
0.7916999, -38.0, 2.0, 34.0
0.7784784, -12.0, 2.0, 30.0
0.7512315, 2.0, 2.0, 14.0
0.22294219, -44.0, 2.0, 32.0
0.09324388, -9.0, 2.0, 28.0
0.5552317, -30.0, 2.0, 35.0
0.044847976, -29.0, 2.0, 35.0
0.012886781, 0.0, 2.0, 18.0
0.8204607, -31.0, 2.0, 35.0
0.95303404, -2.0, 2.0, 21.0
0.675826, -28.0, 2.0, 35.0
0.035322245, -48.0, 2.0, 30.0
0.19460459, -32.0, 2.0, 35.0
0.16886528, -18.0, 2.0, 33.0
0.3737641, -27.0, 2.0, 35.0
0.7313821, -33.0, 2.0, 35.0
0.33262667, -42.0, 2.0, 33.0
0.8044293, 3.0, 2.0, 12.0
0.62779915, -39.0, 2.0, 34.0
0.5535597, -10.0, 2.0, 29.0
0.014077983, -26.0, 2.0, 35.0
0.100977995, -34.0, 2.0, 35.0
0.42967397, -1.0, 2.0, 20.0
0.67850083, -50.0, 2.0, 29.0
0.21074343, -15.0, 2.0, 32.0
0.8511798, -13.0, 2.0, 31.0
0.3413794, -25.0, 2.0, 35.0
0.7107601, -5.0, 2.0, 25.0
0.53516483, -35.0, 2.0, 35.0
0.15029538, -6.0, 2.0, 26.0
0.31550214, 2.0, 2.0, 15.0
0.3469122, -4.0, 2.0, 24.0
0.034719195, 1.0, 2.0, 17.0
0.052242197, -45.0, 2.0, 32.0
0.045041762, -47.0, 2.0, 31.0
0.07585429, -17.0, 2.0, 33.0
0.43467614, -7.0, 2.0, 27.0
0.755701, -40.0, 2.0, 34.0
0.8743442, -3.0, 2.0, 23.0
0.25383067, -11.0, 2.0, 30.0
0.016667055, -24.0, 2.0, 35.0
0.1612366, -43.0, 2.0, 33.0
0.46393102, 3.0, 2.0, 13.0
0.31165683, -36.0, 2.0, 35.0
0.8082549, 0.0, 2.0, 19.0
0.51247674, -49.0, 2.0, 30.0
0.46938643, -8.0, 2.0, 28.0
0.42681494, -2.0, 2.0, 22.0
0.6548023, -23.0, 2.0, 35.0
0.3627122, -37.0, 2.0, 35.0
0.4680981, -19.0, 2.0, 34.0
0.7245381, -14.0, 2.0, 32.0
0.0465941, -41.0, 2.0, 34.0
0.29285192, -9.0, 2.0, 29.0
0.2475289, 2.0, 2.0, 16.0
0.95969623, -1.0, 2.0, 21.0
0.28217602, -16.0, 2.0, 33.0
0.6474878, -12.0, 2.0, 31.0
0.35483062, -46.0, 2.0, 32.0
0.67524153, 1.0, 2.0, 18.0
0.6631318, -44.0, 2.0, 33.0
0.05289289, 3.0, 2.0, 14.0
0.49999374, -48.0, 2.0, 31.0
0.03316705, -38.0, 2.0, 35.0
0.9360265, -30.0, 2.0, 36.0
0.6340983, -29.0, 2.0, 36.0
0.0033587872, -31.0, 2.0, 36.0
0.8703769, -18.0, 2.0, 34.0
0.12400375, -10.0, 2.0, 30.0
0.657764, -28.0, 2.0, 36.0
0.9831993, -32.0, 2.0, 36.0
0.044562, -5.0, 2.0, 26.0
0.2235296, -4.0, 2.0, 25.0
0.7933782, 0.0, 2.0, 20.0
0.39021814, -42.0, 2.0, 34.0
0.80412126, 4.0, 2.0, 12.0
0.98103696, -27.0, 2.0, 36.0
0.30739173, -6.0, 2.0, 27.0
0.31318173, -33.0, 2.0, 36.0
0.7413617, -3.0, 2.0, 24.0
0.10972925, -50.0, 2.0, 30.0
0.28321356, -39.0, 2.0, 35.0
0.20355041, -26.0, 2.0, 36.0
0.86965877, -13.0, 2.0, 32.0
0.8585624, -7.0, 2.0, 28.0
0.39456263, -34.0, 2.0, 36.0
0.7968451, -15.0, 2.0, 33.0
0.5029511, -2.0, 2.0, 23.0
0.80342925, 2.0, 2.0, 17.0
0.85049427, 3.0, 2.0, 15.0
0.5446233, -47.0, 2.0, 32.0
0.9098904, -45.0, 2.0, 33.0
0.09483128, -25.0, 2.0, 36.0
0.8774867, -11.0, 2.0, 31.0
0.31332144, -35.0, 2.0, 36.0
0.16516334, -17.0, 2.0, 34.0
0.16682799, 1.0, 2.0, 19.0
0.5072962, -8.0, 2.0, 29.0
0.9548511, -1.0, 2.0, 22.0
0.2269448, -40.0, 2.0, 35.0
0.088813506, -49.0, 2.0, 31.0
0.49885732, -43.0, 2.0, 34.0
0.10872219, 4.0, 2.0, 13.0
0.032140825, -24.0, 2.0, 36.0
0.3246769, -36.0, 2.0, 36.0
0.9383267, -9.0, 2.0, 30.0
0.2565968, 0.0, 2.0, 21.0
0.32002187, -14.0, 2.0, 33.0
0.6531613, -23.0, 2.0, 36.0
0.43343902, -19.0, 2.0, 35.0
0.61756134, -37.0, 2.0, 36.0
0.97004396, -12.0, 2.0, 32.0
0.3987441, 3.0, 2.0, 16.0
0.8466625, -41.0, 2.0, 35.0
0.94603723, -46.0, 2.0, 33.0
0.8711001, 2.0, 2.0, 18.0
0.92411846, -16.0, 2.0, 34.0
0.19621433, -4.0, 2.0, 26.0
0.6741328, -48.0, 2.0, 32.0
0.7271397, -5.0, 2.0, 27.0
0.54336464, -3.0, 2.0, 25.0
0.6948133, -44.0, 2.0, 34.0
0.12637265, 4.0, 2.0, 14.0
0.7480389, -6.0, 2.0, 28.0
0.62915665, -10.0, 2.0, 31.0
0.89312106, -2.0, 2.0, 24.0
0.7271224, -38.0, 2.0, 36.0
0.8748005, 1.0, 2.0, 20.0
0.7078582, -50.0, 2.0, 31.0
0.5481404, -18.0, 2.0, 35.0
0.21966141, -30.0, 2.0, 37.0
0.04460693, -7.0, 2.0, 29.0
0.7631199, -29.0, 2.0, 37.0
0.146411, -31.0, 2.0, 37.0
0.92073596, -1.0, 2.0, 23.0
0.013945238, -42.0, 2.0, 35.0
0.80159587, -28.0, 2.0, 37.0
0.9776634, -32.0, 2.0, 37.0
0.9455618, 5.0, 2.0, 12.0
0.42696854, -13.0, 2.0, 33.0
0.97365886, -27.0, 2.0, 37.0
0.2766615, -33.0, 2.0, 37.0
0.15562469, -39.0, 2.0, 36.0
0.14145343, -15.0, 2.0, 34.0
0.18749692, 3.0, 2.0, 17.0
0.22928463, -47.0, 2.0, 33.0
0.30526167, -8.0, 2.0, 30.0
0.30615842, -11.0, 2.0, 32.0
0.2067358, -26.0, 2.0, 37.0
0.57347107, 4.0, 2.0, 15.0
0.49288943, -45.0, 2.0, 34.0
0.3210835, 0.0, 2.0, 22.0
0.67973727, -34.0, 2.0, 37.0
0.11646375, 2.0, 2.0, 19.0
0.55887705, -49.0, 2.0, 32.0
0.6060765, -17.0, 2.0, 35.0
0.41298148, -25.0, 2.0, 37.0
0.73687077, -35.0, 2.0, 37.0
0.51444465, -43.0, 2.0, 35.0
0.053426933, -40.0, 2.0, 36.0
0.4714504, 5.0, 2.0, 13.0
0.34337312, -9.0, 2.0, 31.0
0.4346019, 1.0, 2.0, 21.0
0.14653401, -24.0, 2.0, 37.0
0.3656855, -4.0, 2.0, 27.0
0.8214814, -3.0, 2.0, 26.0
0.50302327, -36.0, 2.0, 37.0
0.98942935, -5.0, 2.0, 28.0
0.66820234, -2.0, 2.0, 25.0
0.21556535, -14.0, 2.0, 34.0
0.05788894, -12.0, 2.0, 33.0
0.9108825, 4.0, 2.0, 16.0
0.8912012, 3.0, 2.0, 18.0
0.26544902, -19.0, 2.0, 36.0
0.55510443, -46.0, 2.0, 34.0
0.88200974, -6.0, 2.0, 29.0
0.35302162, -23.0, 2.0, 37.0
0.9451845, -1.0, 2.0, 24.0
0.33894378, -48.0, 2.0, 33.0
0.7177558, -37.0, 2.0, 37.0
0.06254618, -41.0, 2.0, 36.0
0.8361896, -16.0, 2.0, 35.0
0.99004424, -10.0, 2.0, 32.0
0.9203087, -44.0, 2.0, 35.0
0.35876608, 5.0, 2.0, 14.0
0.0077517764, 2.0, 2.0, 20.0
0.8068133, -7.0, 2.0, 30.0
0.0664579, -50.0, 2.0, 32.0
0.15698029, 0.0, 2.0, 23.0
0.57497394, -38.0, 2.0, 37.0
0.6686919, -18.0, 2.0, 36.0
0.8410979, -42.0, 2.0, 36.0
0.17360668, -13.0, 2.0, 34.0
0.25755715, -30.0, 2.0, 38.0
0.12834948, -8.0, 2.0, 31.0
0.17552641, -29.0, 2.0, 38.0
0.42834133, 6.0, 2.0, 12.0
0.07238376, -31.0, 2.0, 38.0
0.08477155, 1.0, 2.0, 22.0
0.46188107, -28.0, 2.0, 38.0
0.655411, 4.0, 2.0, 17.0
0.7586885, -32.0, 2.0, 38.0
0.80032986, -15.0, 2.0, 35.0
0.4840039, -11.0, 2.0, 33.0
0.9949207, -47.0, 2.0, 34.0
0.6566712, -39.0, 2.0, 37.0
0.34231192, 3.0, 2.0, 19.0
0.53021824, -27.0, 2.0, 38.0
0.48080626, -33.0, 2.0, 38.0
0.5387289, -45.0, 2.0, 35.0
0.7530162, 5.0, 2.0, 15.0
0.13494793, -49.0, 2.0, 33.0
0.39365986, -3.0, 2.0, 27.0
0.32705218, -26.0, 2.0, 38.0
0.38240406, -4.0, 2.0, 28.0
0.03380429, -2.0, 2.0, 26.0
0.50470424, -34.0, 2.0, 38.0
0.7221537, -17.0, 2.0, 36.0
0.853432, -9.0, 2.0, 32.0
0.21071103, -5.0, 2.0, 29.0
0.60144866, -1.0, 2.0, 25.0
0.51396495, 2.0, 2.0, 21.0
0.07256933, -43.0, 2.0, 36.0
0.36583334, -25.0, 2.0, 38.0
0.45606855, 6.0, 2.0, 13.0
0.7504587, -35.0, 2.0, 38.0
0.54664123, -40.0, 2.0, 37.0
0.7395221, -6.0, 2.0, 30.0
0.574307, 0.0, 2.0, 24.0
0.9983254, -12.0, 2.0, 34.0
0.022018384, -24.0, 2.0, 38.0
0.9901798, -14.0, 2.0, 35.0
0.64570606, -36.0, 2.0, 38.0
0.6460503, 4.0, 2.0, 18.0
0.12330786, 5.0, 2.0, 16.0
0.74290013, -48.0, 2.0, 34.0
0.6052312, -46.0, 2.0, 35.0
0.5718103, -10.0, 2.0, 33.0
0.2360825, -19.0, 2.0, 37.0
0.50092775, -7.0, 2.0, 31.0
0.6118633, -16.0, 2.0, 36.0
0.5269292, 3.0, 2.0, 20.0
0.35181916, 1.0, 2.0, 23.0
0.84343183, -23.0, 2.0, 38.0
0.051486034, -41.0, 2.0, 37.0
0.27019918, -37.0, 2.0, 38.0
0.9730986, -50.0, 2.0, 33.0
0.22077966, -44.0, 2.0, 36.0
0.8794095, 6.0, 2.0, 14.0
0.82919896, -8.0, 2.0, 32.0
0.46325278, -38.0, 2.0, 38.0
0.20244443, 2.0, 2.0, 22.0
0.23212367, -18.0, 2.0, 37.0
0.261807, -13.0, 2.0, 35.0
0.41702878, -3.0, 2.0, 28.0
0.7328755, -2.0, 2.0, 27.0
0.2583871, -42.0, 2.0, 37.0
0.9444303, -11.0, 2.0, 34.0
0.7274695, -4.0, 2.0, 29.0
0.8071042, 5.0, 2.0, 17.0
0.54651135, -1.0, 2.0, 26.0
0.72303826, 7.0, 2.0, 12.0
0.02909677, -47.0, 2.0, 35.0
0.9905544, 4.0, 2.0, 19.0
0.35771132, -15.0, 2.0, 36.0
0.22891271, -30.0, 2.0, 39.0
0.10861281, -29.0, 2.0, 39.0
0.37647304, -31.0, 2.0, 39.0
0.11464816, -49.0, 2.0, 34.0
0.28309393, -5.0, 2.0, 30.0
0.6917207, -28.0, 2.0, 39.0
0.8995886, -45.0, 2.0, 36.0
0.23979995, 6.0, 2.0, 15.0
0.59182453, -32.0, 2.0, 39.0
0.7382961, 0.0, 2.0, 25.0
0.40605384, -39.0, 2.0, 38.0
0.49005297, -9.0, 2.0, 33.0
0.8698622, -27.0, 2.0, 39.0
0.008025442, -33.0, 2.0, 39.0
0.5174225, 3.0, 2.0, 21.0
0.39191434, -26.0, 2.0, 39.0
0.119352676, -6.0, 2.0, 31.0
0.19475967, -17.0, 2.0, 37.0
0.12035538, -34.0, 2.0, 39.0
0.24600405, 1.0, 2.0, 24.0
0.039025277, -43.0, 2.0, 37.0
0.37021393, 7.0, 2.0, 13.0
0.26394704, -25.0, 2.0, 39.0
0.43999323, -40.0, 2.0, 38.0
0.44179332, -35.0, 2.0, 39.0
0.82627755, -12.0, 2.0, 35.0
0.35300896, -14.0, 2.0, 36.0
0.48591226, 5.0, 2.0, 18.0
0.118411765, -7.0, 2.0, 32.0
0.6600805, -48.0, 2.0, 35.0
0.7883409, 2.0, 2.0, 23.0
0.28076065, -10.0, 2.0, 34.0
0.8006649, 6.0, 2.0, 16.0
0.6070967, -46.0, 2.0, 36.0
0.62396723, -24.0, 2.0, 39.0
0.5786088, -36.0, 2.0, 39.0
0.7496278, 4.0, 2.0, 20.0
0.69494575, -50.0, 2.0, 34.0
0.38651007, -16.0, 2.0, 37.0
0.55788857, -19.0, 2.0, 38.0
0.022864457, -41.0, 2.0, 38.0
0.2641888, -2.0, 2.0, 28.0
0.9333172, -44.0, 2.0, 37.0
0.6693285, -23.0, 2.0, 39.0
0.6589968, 7.0, 2.0, 14.0
0.7822958, -3.0, 2.0, 29.0
0.113656715, -1.0, 2.0, 27.0
0.6579965, -37.0, 2.0, 39.0
0.8588987, -8.0, 2.0, 33.0
0.66309637, 3.0, 2.0, 22.0
0.04123766, -4.0, 2.0, 30.0
0.76717067, 0.0, 2.0, 26.0
0.73983943, -13.0, 2.0, 36.0
0.9964057, -11.0, 2.0, 35.0
0.98650855, -5.0, 2.0, 31.0
0.65226823, -38.0, 2.0, 39.0
0.3922211, -18.0, 2.0, 38.0
0.6911544, 1.0, 2.0, 25.0
0.25363365, 6.0, 2.0, 17.0
0.45981747, 5.0, 2.0, 19.0
0.7781256, -47.0, 2.0, 36.0
0.040229347, -42.0, 2.0, 38.0
0.9197404, -49.0, 2.0, 35.0
0.8594681, -15.0, 2.0, 37.0
0.47670606, 8.0, 2.0, 12.0
0.12636882, -9.0, 2.0, 34.0
0.98297757, -45.0, 2.0, 37.0
0.55629253, 7.0, 2.0, 15.0
0.40352884, 4.0, 2.0, 21.0
0.8058367, -6.0, 2.0, 32.0
0.2911186, -30.0, 2.0, 40.0
0.9561368, -29.0, 2.0, 40.0
0.4092917, -31.0, 2.0, 40.0
0.23023261, 2.0, 2.0, 24.0
0.60388994, -28.0, 2.0, 40.0
0.20854029, -39.0, 2.0, 39.0
0.09791509, -32.0, 2.0, 40.0
0.99667966, -27.0, 2.0, 40.0
0.2799, -33.0, 2.0, 40.0
0.80974907, -17.0, 2.0, 38.0
0.2948223, -26.0, 2.0, 40.0
0.052761685, -43.0, 2.0, 38.0
0.37298927, -34.0, 2.0, 40.0
0.31260678, -7.0, 2.0, 33.0
0.34329665, 8.0, 2.0, 13.0
0.42496768, -12.0, 2.0, 36.0
0.3730166, 3.0, 2.0, 23.0
0.46061388, -40.0, 2.0, 39.0
0.81012154, 6.0, 2.0, 18.0
0.6880307, -14.0, 2.0, 37.0
0.4325442, -10.0, 2.0, 35.0
0.24020456, -25.0, 2.0, 40.0
0.24128266, -48.0, 2.0, 36.0
0.8474346, -2.0, 2.0, 29.0
0.6835768, -1.0, 2.0, 28.0
0.92829853, -35.0, 2.0, 40.0
0.3243282, 5.0, 2.0, 20.0
0.9684912, -3.0, 2.0, 30.0
0.16745724, 7.0, 2.0, 16.0
0.20144154, -46.0, 2.0, 37.0
0.18605761, 0.0, 2.0, 27.0
0.4527777, -50.0, 2.0, 35.0
0.9762153, -24.0, 2.0, 40.0
0.7683581, -4.0, 2.0, 31.0
0.58252513, -36.0, 2.0, 40.0
0.33635202, 1.0, 2.0, 26.0
0.43511283, -16.0, 2.0, 38.0
0.78949594, -8.0, 2.0, 34.0
0.42291886, -19.0, 2.0, 39.0
0.36405072, 4.0, 2.0, 22.0
0.54382193, -44.0, 2.0, 38.0
0.55515105, -41.0, 2.0, 39.0
0.40969303, 8.0, 2.0, 14.0
0.88030463, -23.0, 2.0, 40.0
0.43762034, -5.0, 2.0, 32.0
0.5080183, 2.0, 2.0, 25.0
0.57440424, -37.0, 2.0, 40.0
0.7692911, -11.0, 2.0, 36.0
0.3301814, -13.0, 2.0, 37.0
0.7165227, 6.0, 2.0, 19.0
0.14202014, 7.0, 2.0, 17.0
0.7758736, -49.0, 2.0, 36.0
0.25598308, -47.0, 2.0, 37.0
0.33204147, -18.0, 2.0, 39.0
0.46604174, -6.0, 2.0, 33.0
0.5436641, -9.0, 2.0, 35.0
0.9430547, -38.0, 2.0, 40.0
0.3961375, 3.0, 2.0, 24.0
0.7425991, -15.0, 2.0, 38.0
0.6176738, -42.0, 2.0, 39.0
0.3157252, 5.0, 2.0, 21.0
0.6031806, 9.0, 2.0, 12.0
0.83375144, -45.0, 2.0, 38.0
0.47640365, 8.0, 2.0, 15.0
0.45223394, -30.0, 2.0, 41.0
0.26924178, -29.0, 2.0, 41.0
0.80854243, -31.0, 2.0, 41.0
0.38185573, -1.0, 2.0, 29.0
0.3035071, -39.0, 2.0, 40.0
0.8099037, -2.0, 2.0, 30.0
0.7449322, -7.0, 2.0, 34.0
0.4658323, 0.0, 2.0, 28.0
0.117101535, -28.0, 2.0, 41.0
0.48763737, -32.0, 2.0, 41.0
0.92654747, 4.0, 2.0, 23.0
0.0070199603, -17.0, 2.0, 39.0
0.30426085, -27.0, 2.0, 41.0
0.05365409, -3.0, 2.0, 31.0
0.8152627, -33.0, 2.0, 41.0
0.29574054, 1.0, 2.0, 27.0
0.43822464, -12.0, 2.0, 37.0
0.17964843, -43.0, 2.0, 39.0
0.08394251, -10.0, 2.0, 36.0
0.8318822, 9.0, 2.0, 13.0
0.17837715, -26.0, 2.0, 41.0
0.25160658, 7.0, 2.0, 18.0
0.55325043, -34.0, 2.0, 41.0
0.85640776, -48.0, 2.0, 37.0
0.17751701, -14.0, 2.0, 38.0
0.18086201, 6.0, 2.0, 20.0
0.09224493, -4.0, 2.0, 32.0
0.3779699, 2.0, 2.0, 26.0
0.44847447, -50.0, 2.0, 36.0
0.37683776, -40.0, 2.0, 40.0
0.41455713, -46.0, 2.0, 38.0
0.92354506, 8.0, 2.0, 16.0
0.24149868, -25.0, 2.0, 41.0
0.9214236, -35.0, 2.0, 41.0
0.23026296, -8.0, 2.0, 35.0
0.21563207, 5.0, 2.0, 22.0
0.21528216, -5.0, 2.0, 33.0
0.28669232, 3.0, 2.0, 25.0
0.39813423, -16.0, 2.0, 39.0
0.85844225, -24.0, 2.0, 41.0
0.5721852, -36.0, 2.0, 41.0
0.64566946, -19.0, 2.0, 40.0
0.56377214, -44.0, 2.0, 39.0
0.9016433, 9.0, 2.0, 14.0
0.8721686, -41.0, 2.0, 40.0
0.9401264, -11.0, 2.0, 37.0
0.26619825, -23.0, 2.0, 41.0
0.84259903, -6.0, 2.0, 34.0
0.44013742, -37.0, 2.0, 41.0
0.3898764, -13.0, 2.0, 38.0
0.64879745, 7.0, 2.0, 19.0
0.22668284, 4.0, 2.0, 24.0
0.6378454, -49.0, 2.0, 37.0
0.05480932, -9.0, 2.0, 36.0
0.7200778, 8.0, 2.0, 17.0
0.5101228, -47.0, 2.0, 38.0
0.7842031, 6.0, 2.0, 21.0
0.39391044, -1.0, 2.0, 30.0
0.57553315, 0.0, 2.0, 29.0
0.2609713, -18.0, 2.0, 40.0
0.17677948, -22.0, 2.0, 41.0
0.50476456, -15.0, 2.0, 39.0
0.11396361, -2.0, 2.0, 31.0
0.0911738, 1.0, 2.0, 28.0
0.4924819, -38.0, 2.0, 41.0
0.87255585, -42.0, 2.0, 40.0
0.5599306, -45.0, 2.0, 39.0
0.9363444, 10.0, 2.0, 12.0
0.82684356, 9.0, 2.0, 15.0
0.009331783, -3.0, 2.0, 32.0
0.5385923, -7.0, 2.0, 35.0
0.42973852, 2.0, 2.0, 27.0
0.7690446, 5.0, 2.0, 23.0
0.32230544, -21.0, 2.0, 41.0
0.53998613, -39.0, 2.0, 41.0
0.1530465, -30.0, 2.0, 42.0
0.20373677, -4.0, 2.0, 33.0
0.9142311, -29.0, 2.0, 42.0
0.35689586, -31.0, 2.0, 42.0
0.48901334, 3.0, 2.0, 26.0
0.9809379, -12.0, 2.0, 38.0
0.7893936, -28.0, 2.0, 42.0
0.4837596, -17.0, 2.0, 40.0
0.6495246, -10.0, 2.0, 37.0
0.20170683, -32.0, 2.0, 42.0
0.11551022, 8.0, 2.0, 18.0
0.5236474, -43.0, 2.0, 40.0
0.20767911, 7.0, 2.0, 20.0
0.6300063, -27.0, 2.0, 42.0
0.7748532, -48.0, 2.0, 38.0
0.36615536, -33.0, 2.0, 42.0
0.12350385, -50.0, 2.0, 37.0
0.6601043, 10.0, 2.0, 13.0
0.42715618, -14.0, 2.0, 39.0
0.271135, -8.0, 2.0, 36.0
0.82034796, -26.0, 2.0, 42.0
0.344062, -20.0, 2.0, 41.0
0.7023779, -5.0, 2.0, 34.0
0.021496536, -34.0, 2.0, 42.0
0.34262615, -46.0, 2.0, 39.0
0.21530065, 9.0, 2.0, 16.0
0.9431533, 6.0, 2.0, 22.0
0.99289435, 4.0, 2.0, 25.0
0.005464215, -40.0, 2.0, 41.0
0.03193421, -25.0, 2.0, 42.0
0.12477044, -35.0, 2.0, 42.0
0.32892424, -16.0, 2.0, 40.0
0.2329331, -24.0, 2.0, 42.0
0.10750204, -44.0, 2.0, 40.0
0.19476798, -6.0, 2.0, 35.0
0.40753198, 0.0, 2.0, 30.0
0.47393948, -19.0, 2.0, 41.0
0.59692913, -36.0, 2.0, 42.0
0.094759114, 10.0, 2.0, 14.0
0.4376524, -1.0, 2.0, 31.0
0.18347435, 1.0, 2.0, 29.0
0.9619882, 5.0, 2.0, 24.0
0.15384132, -11.0, 2.0, 38.0
0.33466992, -41.0, 2.0, 41.0
0.8618044, -2.0, 2.0, 32.0
0.85323185, 8.0, 2.0, 19.0
0.37596276, -13.0, 2.0, 39.0
0.98911005, 2.0, 2.0, 28.0
0.055322517, -9.0, 2.0, 37.0
0.81430995, -49.0, 2.0, 38.0
0.38287207, -23.0, 2.0, 42.0
0.6650433, 7.0, 2.0, 21.0
0.040157605, 9.0, 2.0, 17.0
0.5397813, -47.0, 2.0, 39.0
0.4197862, -37.0, 2.0, 42.0
0.54300207, -3.0, 2.0, 33.0
0.63327646, 3.0, 2.0, 27.0
0.8989746, -15.0, 2.0, 40.0
0.88267, -18.0, 2.0, 41.0
0.35678196, -7.0, 2.0, 36.0
0.20569308, 6.0, 2.0, 23.0
0.5761495, -42.0, 2.0, 41.0
0.28402692, -45.0, 2.0, 40.0
0.66431946, -38.0, 2.0, 42.0
0.50853354, 10.0, 2.0, 15.0
0.9711521, -4.0, 2.0, 34.0
0.43836105, 4.0, 2.0, 26.0
0.53990734, -10.0, 2.0, 38.0
0.36508775, -12.0, 2.0, 39.0
0.9549571, -39.0, 2.0, 42.0
0.9189745, 8.0, 2.0, 20.0
0.3783307, -17.0, 2.0, 41.0
0.6306122, 9.0, 2.0, 18.0
0.18093197, -30.0, 2.0, 43.0
0.51452655, -5.0, 2.0, 35.0
0.061076, -50.0, 2.0, 38.0
0.07652979, -48.0, 2.0, 39.0
0.9153548, -29.0, 2.0, 43.0
0.49678415, -31.0, 2.0, 43.0
0.9505855, 5.0, 2.0, 25.0
0.016806906, -8.0, 2.0, 37.0
0.76966286, -28.0, 2.0, 43.0
2.5599357E-4, -43.0, 2.0, 41.0
0.050601214, -32.0, 2.0, 43.0
0.56166977, -14.0, 2.0, 40.0
0.29210362, 7.0, 2.0, 22.0
0.70990497, -27.0, 2.0, 43.0
0.19896138, -33.0, 2.0, 43.0
0.3574553, -46.0, 2.0, 40.0
0.10790604, 10.0, 2.0, 16.0
0.35489652, 0.0, 2.0, 31.0
0.3437831, 1.0, 2.0, 30.0
0.5512748, -26.0, 2.0, 43.0
0.18478447, -1.0, 2.0, 32.0
0.21434501, 2.0, 2.0, 29.0
0.79478586, -34.0, 2.0, 43.0
0.5053002, -40.0, 2.0, 42.0
0.84453374, -6.0, 2.0, 36.0
0.9552789, -2.0, 2.0, 33.0
0.8385797, -25.0, 2.0, 43.0
0.47786823, 3.0, 2.0, 28.0
0.3416682, 6.0, 2.0, 24.0
0.6435541, -35.0, 2.0, 43.0
0.2600638, -16.0, 2.0, 41.0
0.08722679, -44.0, 2.0, 41.0
0.18650387, -11.0, 2.0, 39.0
0.6952019, -19.0, 2.0, 42.0
0.12164916, -9.0, 2.0, 38.0
0.87863487, -24.0, 2.0, 43.0
0.90277755, -3.0, 2.0, 34.0
0.8687052, 9.0, 2.0, 19.0
0.6178424, -36.0, 2.0, 43.0
0.7266564, 4.0, 2.0, 27.0
0.5788421, -49.0, 2.0, 39.0
0.13795643, -41.0, 2.0, 42.0
0.9447949, -13.0, 2.0, 40.0
0.12187387, 8.0, 2.0, 21.0
0.3966725, -47.0, 2.0, 40.0
0.4311561, 10.0, 2.0, 17.0
0.9027445, -7.0, 2.0, 37.0
0.61487883, -23.0, 2.0, 43.0
0.30436286, -37.0, 2.0, 43.0
0.77267027, -4.0, 2.0, 35.0
0.38384506, 7.0, 2.0, 23.0
0.82028025, 5.0, 2.0, 26.0
0.13548954, -15.0, 2.0, 41.0
0.3228728, -18.0, 2.0, 42.0
0.98870164, -45.0, 2.0, 41.0
0.4196034, -42.0, 2.0, 42.0
0.77266043, -38.0, 2.0, 43.0
0.17525499, -10.0, 2.0, 39.0
0.761997, -5.0, 2.0, 36.0
0.5443361, 1.0, 2.0, 31.0
0.40276724, -12.0, 2.0, 40.0
0.5405952, 6.0, 2.0, 25.0
0.44091806, 0.0, 2.0, 32.0
0.7690106, 2.0, 2.0, 30.0
0.517901, 9.0, 2.0, 20.0
0.124735884, -50.0, 2.0, 39.0
0.66965854, -8.0, 2.0, 38.0
0.69909304, 10.0, 2.0, 18.0
0.07858798, -48.0, 2.0, 40.0
0.08952676, -1.0, 2.0, 33.0
0.3490969, 3.0, 2.0, 29.0
0.7995856, 8.0, 2.0, 22.0
0.1749475, -17.0, 2.0, 42.0
0.9757469, -39.0, 2.0, 43.0
0.66281694, -14.0, 2.0, 41.0
0.6776271, -30.0, 2.0, 44.0
0.5965685, -43.0, 2.0, 42.0
0.36232984, -29.0, 2.0, 44.0
0.34895986, -31.0, 2.0, 44.0
0.50601465, -2.0, 2.0, 34.0
0.9533482, -28.0, 2.0, 44.0
0.8379711, -32.0, 2.0, 44.0
0.47196698, -46.0, 2.0, 41.0
0.65444684, 4.0, 2.0, 28.0
0.37722936, -6.0, 2.0, 37.0
0.06920658, -27.0, 2.0, 44.0
0.28909156, -33.0, 2.0, 44.0
0.88142586, 7.0, 2.0, 24.0
0.37872025, -40.0, 2.0, 43.0
0.363308, -26.0, 2.0, 44.0
0.80362964, -34.0, 2.0, 44.0
0.6321368, -3.0, 2.0, 35.0
0.13227521, 5.0, 2.0, 27.0
0.1448483, -16.0, 2.0, 42.0
0.2501398, -11.0, 2.0, 40.0
0.08625522, -25.0, 2.0, 44.0
0.3210594, -9.0, 2.0, 39.0
0.19154975, -35.0, 2.0, 44.0
0.066491686, -44.0, 2.0, 42.0
0.6045171, 10.0, 2.0, 19.0
0.68431705, 9.0, 2.0, 21.0
0.30803326, -49.0, 2.0, 40.0
0.8734033, -13.0, 2.0, 41.0
0.1340195, -19.0, 2.0, 43.0
0.57950735, -24.0, 2.0, 44.0
0.3553463, -4.0, 2.0, 36.0
0.60419893, -7.0, 2.0, 38.0
0.9495996, -41.0, 2.0, 43.0
0.19656757, -36.0, 2.0, 44.0
0.19965486, 6.0, 2.0, 26.0
0.20583744, -47.0, 2.0, 41.0
0.8322772, 8.0, 2.0, 23.0
0.5431081, -23.0, 2.0, 44.0
0.19524164, 1.0, 2.0, 32.0
0.26683304, 2.0, 2.0, 31.0
0.4156238, -37.0, 2.0, 44.0
0.95704067, -15.0, 2.0, 42.0
0.27496138, 0.0, 2.0, 33.0
0.5185101, 3.0, 2.0, 30.0
0.9670587, -18.0, 2.0, 43.0
0.6970837, -45.0, 2.0, 42.0
0.5855621, -5.0, 2.0, 37.0
0.40310365, -42.0, 2.0, 43.0
0.31345165, 7.0, 2.0, 25.0
0.111787185, -1.0, 2.0, 34.0
0.8757879, 4.0, 2.0, 29.0
0.80553824, -10.0, 2.0, 40.0
0.9690468, -38.0, 2.0, 44.0
0.994162, -12.0, 2.0, 41.0
0.52193785, 10.0, 2.0, 20.0
0.60528743, -8.0, 2.0, 39.0
0.7786042, -50.0, 2.0, 40.0
0.9916967, 9.0, 2.0, 22.0
0.15856273, -2.0, 2.0, 35.0
0.9205369, -48.0, 2.0, 41.0
0.549789, 5.0, 2.0, 28.0
0.36048636, -17.0, 2.0, 43.0
0.37123913, -14.0, 2.0, 42.0
0.7889446, -39.0, 2.0, 44.0
0.21621998, -6.0, 2.0, 38.0
0.92739826, -43.0, 2.0, 43.0
0.8038687, 8.0, 2.0, 24.0
0.5576113, -46.0, 2.0, 42.0
0.046223063, -3.0, 2.0, 36.0
0.85563934, -30.0, 2.0, 45.0
0.33470795, -29.0, 2.0, 45.0
0.43944493, -31.0, 2.0, 45.0
0.2922176, 6.0, 2.0, 27.0
0.6967901, -28.0, 2.0, 45.0
0.68334097, -32.0, 2.0, 45.0
0.53392404, -27.0, 2.0, 45.0
0.46179637, -33.0, 2.0, 45.0
0.25631157, -40.0, 2.0, 44.0
0.9250672, -9.0, 2.0, 40.0
0.10733348, -26.0, 2.0, 45.0
0.0839427, -11.0, 2.0, 41.0
0.99972993, -34.0, 2.0, 45.0
0.9096822, -16.0, 2.0, 43.0
0.08086804, -4.0, 2.0, 37.0
0.44246113, 10.0, 2.0, 21.0
0.08314654, 7.0, 2.0, 26.0
0.50838786, -49.0, 2.0, 41.0
0.48456863, 2.0, 2.0, 32.0
0.25358126, -44.0, 2.0, 43.0
0.60441756, -7.0, 2.0, 39.0
0.9455774, -25.0, 2.0, 45.0
0.10087668, 1.0, 2.0, 33.0
0.6758261, 3.0, 2.0, 31.0
0.34029323, -35.0, 2.0, 45.0
0.21149588, -13.0, 2.0, 42.0
0.64366233, 9.0, 2.0, 23.0
0.3576203, -19.0, 2.0, 44.0
0.060000066, 0.0, 2.0, 34.0
0.69728804, 4.0, 2.0, 30.0
0.5969025, -47.0, 2.0, 42.0
0.45174623, -41.0, 2.0, 44.0
0.4871973, -24.0, 2.0, 45.0
0.7456995, -36.0, 2.0, 45.0
0.2717549, -1.0, 2.0, 35.0
0.65563715, 5.0, 2.0, 29.0
0.119931825, -5.0, 2.0, 38.0
0.76870835, 8.0, 2.0, 25.0
0.7315954, -15.0, 2.0, 43.0
0.37263218, -23.0, 2.0, 45.0
0.41216248, -37.0, 2.0, 45.0
0.94761944, -45.0, 2.0, 43.0
0.98165476, -18.0, 2.0, 44.0
0.031698436, -2.0, 2.0, 36.0
0.27062002, -10.0, 2.0, 41.0
0.30166382, 6.0, 2.0, 28.0
0.22321235, -8.0, 2.0, 40.0
0.45175925, -42.0, 2.0, 44.0
0.42721298, -50.0, 2.0, 41.0
0.08790129, -12.0, 2.0, 42.0
0.031875074, 10.0, 2.0, 22.0
0.89165044, -38.0, 2.0, 45.0
0.0098870015, -48.0, 2.0, 42.0
0.078233704, -6.0, 2.0, 39.0
0.03528836, -3.0, 2.0, 37.0
0.087859035, 9.0, 2.0, 24.0
0.5537886, 7.0, 2.0, 27.0
0.24859333, -14.0, 2.0, 43.0
0.03769808, -17.0, 2.0, 44.0
0.1495817, -39.0, 2.0, 45.0
0.76978093, -43.0, 2.0, 44.0
0.81087893, -46.0, 2.0, 43.0
0.56710184, 2.0, 2.0, 33.0
0.65427345, 3.0, 2.0, 32.0
0.61880374, -30.0, 2.0, 46.0
0.31996983, -29.0, 2.0, 46.0
0.50529844, 1.0, 2.0, 34.0
0.66673905, -31.0, 2.0, 46.0
0.6282656, 4.0, 2.0, 31.0
0.7961562, -4.0, 2.0, 38.0
0.8019642, -28.0, 2.0, 46.0
0.6909534, -32.0, 2.0, 46.0
0.9306011, -9.0, 2.0, 41.0
0.41758138, 8.0, 2.0, 26.0
0.270957, -11.0, 2.0, 42.0
0.7561789, -27.0, 2.0, 46.0
0.20432125, 0.0, 2.0, 35.0
0.35779995, -33.0, 2.0, 46.0
0.12036546, 5.0, 2.0, 30.0
0.9375825, -40.0, 2.0, 45.0
0.5543317, -7.0, 2.0, 40.0
0.77031344, -49.0, 2.0, 42.0
0.1773962, -16.0, 2.0, 44.0
0.61643434, -26.0, 2.0, 46.0
0.38098666, 10.0, 2.0, 23.0
0.7549529, -34.0, 2.0, 46.0
0.735007, -44.0, 2.0, 44.0
0.69610804, -1.0, 2.0, 36.0
0.456293, -13.0, 2.0, 43.0
0.38023484, 6.0, 2.0, 29.0
0.5692682, -25.0, 2.0, 46.0
0.80747956, -35.0, 2.0, 46.0
0.7508752, -47.0, 2.0, 43.0
0.4813272, -19.0, 2.0, 45.0
0.9547529, -5.0, 2.0, 39.0
0.26095954, -41.0, 2.0, 45.0
0.036754683, 9.0, 2.0, 25.0
0.0050163646, -24.0, 2.0, 46.0
0.4398271, -2.0, 2.0, 37.0
0.13227317, -36.0, 2.0, 46.0
0.9286946, 7.0, 2.0, 28.0
0.13107687, -15.0, 2.0, 44.0
0.73453134, -10.0, 2.0, 42.0
0.4052367, -8.0, 2.0, 41.0
0.8208056, -23.0, 2.0, 46.0
0.2637022, -45.0, 2.0, 44.0
0.31081656, -37.0, 2.0, 46.0
0.53716123, -18.0, 2.0, 45.0
0.12530285, -50.0, 2.0, 42.0
0.25716266, -12.0, 2.0, 43.0
0.21821575, -42.0, 2.0, 45.0
0.16114788, -3.0, 2.0, 38.0
0.32675135, -6.0, 2.0, 40.0
0.91661423, 8.0, 2.0, 27.0
0.17760395, -48.0, 2.0, 43.0
0.8944212, 3.0, 2.0, 33.0
0.6278304, 10.0, 2.0, 24.0
0.8979911, 2.0, 2.0, 34.0
0.23151985, 4.0, 2.0, 32.0
0.38298017, -38.0, 2.0, 46.0
0.38159433, 1.0, 2.0, 35.0
0.62017065, 5.0, 2.0, 31.0
0.10159228, -14.0, 2.0, 44.0
0.7802288, -17.0, 2.0, 45.0
0.08040129, 0.0, 2.0, 36.0
0.69810885, -46.0, 2.0, 44.0
0.93193465, -4.0, 2.0, 39.0
0.8308826, -43.0, 2.0, 45.0
0.403128, 6.0, 2.0, 30.0
0.70740116, -39.0, 2.0, 46.0
0.28194144, 9.0, 2.0, 26.0
0.61132765, -9.0, 2.0, 42.0
0.70998293, -11.0, 2.0, 43.0
0.7987329, -7.0, 2.0, 41.0
0.07274114, -30.0, 2.0, 47.0
0.7637436, -1.0, 2.0, 37.0
0.41817576, -29.0, 2.0, 47.0
0.7949384, -31.0, 2.0, 47.0
0.68862945, 7.0, 2.0, 29.0
0.7536845, -28.0, 2.0, 47.0
0.891897, -32.0, 2.0, 47.0
0.9238993, -49.0, 2.0, 43.0
0.58812845, -27.0, 2.0, 47.0
0.2794436, -40.0, 2.0, 46.0
0.8365062, -33.0, 2.0, 47.0
0.26726794, -16.0, 2.0, 45.0
0.58888555, -13.0, 2.0, 44.0
0.46641055, -5.0, 2.0, 40.0
0.6995222, -44.0, 2.0, 45.0
0.3380099, -26.0, 2.0, 47.0
0.4564493, -34.0, 2.0, 47.0
0.890765, -2.0, 2.0, 38.0
0.249956, 10.0, 2.0, 25.0
0.9390183, -47.0, 2.0, 44.0
0.5490259, 8.0, 2.0, 28.0
0.7942293, -25.0, 2.0, 47.0
0.33271968, -35.0, 2.0, 47.0
0.60056007, -19.0, 2.0, 46.0
0.048644133, -41.0, 2.0, 46.0
0.0752396, -24.0, 2.0, 47.0
0.7762916, 3.0, 2.0, 34.0
0.44607112, 4.0, 2.0, 33.0
0.7437237, -36.0, 2.0, 47.0
0.77177435, -8.0, 2.0, 42.0
0.5695136, -10.0, 2.0, 43.0
0.2938273, -15.0, 2.0, 45.0
0.4188646, 2.0, 2.0, 35.0
0.7872154, -3.0, 2.0, 39.0
0.71734047, 5.0, 2.0, 32.0
0.16627347, 9.0, 2.0, 27.0
0.65474415, -45.0, 2.0, 45.0
0.5529957, -50.0, 2.0, 43.0
0.6355569, -6.0, 2.0, 41.0
0.14930266, 1.0, 2.0, 36.0
0.24432832, -23.0, 2.0, 47.0
0.17042398, 6.0, 2.0, 31.0
0.5509244, -12.0, 2.0, 44.0
0.72053397, -18.0, 2.0, 46.0
0.49117646, -37.0, 2.0, 47.0
0.328958, -42.0, 2.0, 46.0
0.1359137, -48.0, 2.0, 44.0
0.24864632, 0.0, 2.0, 37.0
0.37143555, 7.0, 2.0, 30.0
0.95932966, -38.0, 2.0, 47.0
0.5261246, -4.0, 2.0, 40.0
0.3550828, 10.0, 2.0, 26.0
0.9131935, -14.0, 2.0, 45.0
0.14731121, -17.0, 2.0, 46.0
0.9436906, -1.0, 2.0, 38.0
0.22494796, -46.0, 2.0, 45.0
0.17517965, 8.0, 2.0, 29.0
0.3075413, -43.0, 2.0, 46.0
0.38141084, -9.0, 2.0, 43.0
0.7556781, -7.0, 2.0, 42.0
0.89137053, -39.0, 2.0, 47.0
0.9967143, -11.0, 2.0, 44.0
0.19004661, -49.0, 2.0, 44.0
0.64007384, -30.0, 2.0, 48.0
0.18888192, -2.0, 2.0, 39.0
0.031568926, -5.0, 2.0, 41.0
0.95516586, -29.0, 2.0, 48.0
0.094538994, -31.0, 2.0, 48.0
0.78359413, 9.0, 2.0, 28.0
0.76949424, -28.0, 2.0, 48.0
0.75011426, -32.0, 2.0, 48.0
0.96388155, -16.0, 2.0, 46.0
0.71128273, -40.0, 2.0, 47.0
0.50820524, 4.0, 2.0, 34.0
0.7081357, -13.0, 2.0, 45.0
0.36078694, -27.0, 2.0, 48.0
0.9615929, -33.0, 2.0, 48.0
0.965821, 3.0, 2.0, 35.0
0.86936235, 5.0, 2.0, 33.0
0.8310834, -44.0, 2.0, 46.0
0.34801942, -47.0, 2.0, 45.0
0.71381426, -26.0, 2.0, 48.0
0.42733756, 2.0, 2.0, 36.0
0.27517703, -34.0, 2.0, 48.0
0.5691212, 6.0, 2.0, 32.0
0.25268, -3.0, 2.0, 40.0
0.82493186, -25.0, 2.0, 48.0
0.5015405, -19.0, 2.0, 47.0
0.6945232, 1.0, 2.0, 37.0
0.1438079, -35.0, 2.0, 48.0
0.63095665, 7.0, 2.0, 31.0
0.33989963, 10.0, 2.0, 27.0
0.24382617, -8.0, 2.0, 43.0
0.24092276, -41.0, 2.0, 47.0
0.7664762, -10.0, 2.0, 44.0
0.6997674, -6.0, 2.0, 42.0
0.6173653, -24.0, 2.0, 48.0
0.60059154, -15.0, 2.0, 46.0
0.44376293, -36.0, 2.0, 48.0
0.8242343, -50.0, 2.0, 44.0
0.8848312, 0.0, 2.0, 38.0
0.09367817, -45.0, 2.0, 46.0
0.13103744, 8.0, 2.0, 30.0
0.2594308, -12.0, 2.0, 45.0
0.8410842, -18.0, 2.0, 47.0
0.08826034, -23.0, 2.0, 48.0
0.96257913, -48.0, 2.0, 45.0
0.736837, -37.0, 2.0, 48.0
0.7980651, -42.0, 2.0, 47.0
0.8294042, -4.0, 2.0, 41.0
0.27648902, -1.0, 2.0, 39.0
0.24862053, 9.0, 2.0, 29.0
0.7975253, -38.0, 2.0, 48.0
0.3023273, -14.0, 2.0, 46.0
0.38133135, -9.0, 2.0, 44.0
0.08544193, -46.0, 2.0, 46.0
0.80136937, -17.0, 2.0, 47.0
0.43286207, -7.0, 2.0, 43.0
0.2280767, -43.0, 2.0, 47.0
0.5016769, 4.0, 2.0, 35.0
0.94472367, 5.0, 2.0, 34.0
0.45276415, -2.0, 2.0, 40.0
0.3952132, -11.0, 2.0, 45.0
0.9747586, 3.0, 2.0, 36.0
0.12141477, 6.0, 2.0, 33.0
0.13729464, 10.0, 2.0, 28.0
0.6825892, -39.0, 2.0, 48.0
0.73335433, -5.0, 2.0, 42.0
0.012361892, -49.0, 2.0, 45.0
0.4086365, 2.0, 2.0, 37.0
0.6534953, 7.0, 2.0, 32.0
0.34334713, -30.0, 2.0, 49.0
0.1644579, -29.0, 2.0, 49.0
0.4910887, -31.0, 2.0, 49.0
0.66468906, -13.0, 2.0, 46.0
0.66110176, -16.0, 2.0, 47.0
0.88083345, 1.0, 2.0, 38.0
0.40261462, -28.0, 2.0, 49.0
0.28051093, -32.0, 2.0, 49.0
0.3902504, -40.0, 2.0, 48.0
0.49296957, 8.0, 2.0, 31.0
0.0722041, -44.0, 2.0, 47.0
0.47993574, -3.0, 2.0, 41.0
0.8112434, -47.0, 2.0, 46.0
0.05094378, -27.0, 2.0, 49.0
0.7836408, -33.0, 2.0, 49.0
0.7343489, -26.0, 2.0, 49.0
0.99216706, -34.0, 2.0, 49.0
0.5901659, -8.0, 2.0, 44.0
0.96365005, 0.0, 2.0, 39.0
0.8590316, 9.0, 2.0, 30.0
0.93483835, -10.0, 2.0, 45.0
0.91127926, -6.0, 2.0, 43.0
0.5560348, -19.0, 2.0, 48.0
0.52278566, -25.0, 2.0, 49.0
0.6619444, -35.0, 2.0, 49.0
0.2444736, -41.0, 2.0, 48.0
0.3532899, -50.0, 2.0, 45.0
0.43782252, -15.0, 2.0, 47.0
0.20900244, -24.0, 2.0, 49.0
0.26027653, -45.0, 2.0, 47.0
0.6933185, -36.0, 2.0, 49.0
0.54598725, -12.0, 2.0, 46.0
0.8491738, -4.0, 2.0, 42.0
0.6359604, -1.0, 2.0, 40.0
0.87125593, 10.0, 2.0, 29.0
0.9675839, -48.0, 2.0, 46.0
0.6494726, -18.0, 2.0, 48.0
0.7900221, -23.0, 2.0, 49.0
0.46504104, 5.0, 2.0, 35.0
0.08551225, -42.0, 2.0, 48.0
0.63366926, -37.0, 2.0, 49.0
0.45676237, 4.0, 2.0, 36.0
0.5282553, 6.0, 2.0, 34.0
0.9001238, 3.0, 2.0, 37.0
0.41019475, 7.0, 2.0, 33.0
0.4888146, -14.0, 2.0, 47.0
0.2648857, -7.0, 2.0, 44.0
0.70914763, -2.0, 2.0, 41.0
0.112610616, -9.0, 2.0, 45.0
0.64753866, -38.0, 2.0, 49.0
0.3680479, 2.0, 2.0, 38.0
0.24223408, -46.0, 2.0, 47.0
0.8957175, 8.0, 2.0, 32.0
0.16952059, -17.0, 2.0, 48.0
0.6783398, -5.0, 2.0, 43.0
0.61110824, -11.0, 2.0, 46.0
0.032132324, -43.0, 2.0, 48.0
0.58198565, 1.0, 2.0, 39.0
0.19737874, -49.0, 2.0, 46.0
0.8240211, 9.0, 2.0, 31.0
0.8621718, -39.0, 2.0, 49.0
0.5807545, -3.0, 2.0, 42.0
0.7782086, -13.0, 2.0, 47.0
0.15713131, -16.0, 2.0, 48.0
0.46413955, 0.0, 2.0, 40.0
0.7814415, 10.0, 2.0, 30.0
0.0066441833, -47.0, 2.0, 47.0
0.3756466, -40.0, 2.0, 49.0
0.9326185, -44.0, 2.0, 48.0
0.8079153, -8.0, 2.0, 45.0
0.8862554, -6.0, 2.0, 44.0
0.65399706, -10.0, 2.0, 46.0
0.57913244, -19.0, 2.0, 49.0
0.49161172, -1.0, 2.0, 41.0
0.944575, -50.0, 2.0, 46.0
0.057011206, 5.0, 2.0, 36.0
0.2025445, 6.0, 2.0, 35.0
0.9211094, -4.0, 2.0, 43.0
0.28924718, -41.0, 2.0, 49.0
0.6130072, 4.0, 2.0, 37.0
0.81582004, 7.0, 2.0, 34.0
0.70344836, -15.0, 2.0, 48.0
0.9602164, -12.0, 2.0, 47.0
0.33491048, -45.0, 2.0, 48.0
0.8612897, 3.0, 2.0, 38.0
0.076993264, 8.0, 2.0, 33.0
0.6476896, -48.0, 2.0, 47.0
0.026951717, -18.0, 2.0, 49.0
0.99830467, 2.0, 2.0, 39.0
0.45021257, 9.0, 2.0, 32.0
0.47548693, -2.0, 2.0, 42.0
0.3521956, -42.0, 2.0, 49.0
0.0051848465, -7.0, 2.0, 45.0
0.53156453, -9.0, 2.0, 46.0
0.08552993, -14.0, 2.0, 48.0
0.4300962, -5.0, 2.0, 44.0
0.20161897, 1.0, 2.0, 40.0
0.4627531, 10.0, 2.0, 31.0
0.70159703, -46.0, 2.0, 48.0
0.18346964, -11.0, 2.0, 47.0
0.068182155, -17.0, 2.0, 49.0
0.27093485, -43.0, 2.0, 49.0
0.1991117, -49.0, 2.0, 47.0
0.7607201, -3.0, 2.0, 43.0
0.4163956, 0.0, 2.0, 41.0
0.5150308, -13.0, 2.0, 48.0
0.4626089, 6.0, 2.0, 36.0
0.62185085, 5.0, 2.0, 37.0
0.54576, 7.0, 2.0, 35.0
0.21711455, -16.0, 2.0, 49.0
0.47366002, -47.0, 2.0, 48.0
0.29573733, -8.0, 2.0, 46.0
0.313452, -6.0, 2.0, 45.0
0.041921422, 4.0, 2.0, 38.0
0.6394184, -44.0, 2.0, 49.0
0.39133382, 8.0, 2.0, 34.0
0.9378826, -1.0, 2.0, 42.0
0.21584097, -10.0, 2.0, 47.0
0.84558064, 3.0, 2.0, 39.0
0.1769314, -4.0, 2.0, 44.0
0.65907055, 9.0, 2.0, 33.0
0.8613273, -50.0, 2.0, 47.0
0.5974412, 2.0, 2.0, 40.0
0.9292804, -15.0, 2.0, 49.0
0.086796425, 10.0, 2.0, 32.0
0.2634814, -12.0, 2.0, 48.0
0.3988527, -45.0, 2.0, 49.0
0.29833463, -2.0, 2.0, 43.0
0.1817561, -48.0, 2.0, 48.0
0.08262934, 1.0, 2.0, 41.0
0.21128291, -7.0, 2.0, 46.0
0.13357107, -9.0, 2.0, 47.0
0.3354439, -5.0, 2.0, 45.0
0.680042, -14.0, 2.0, 49.0
0.43379757, -46.0, 2.0, 49.0
0.5742842, 0.0, 2.0, 42.0
0.9412515, -11.0, 2.0, 48.0
0.5335106, -3.0, 2.0, 44.0
0.3496761, 6.0, 2.0, 37.0
0.71894795, 7.0, 2.0, 36.0
0.18227634, 5.0, 2.0, 38.0
0.18531397, 8.0, 2.0, 35.0
0.39650378, -49.0, 2.0, 48.0
0.8576856, 4.0, 2.0, 39.0
0.50059307, 9.0, 2.0, 34.0
0.28718293, -13.0, 2.0, 49.0
0.93396425, 3.0, 2.0, 40.0
0.07708154, -1.0, 2.0, 43.0
0.35824677, 10.0, 2.0, 33.0
0.08518804, -6.0, 2.0, 46.0
0.40719047, -8.0, 2.0, 47.0
0.028014971, -47.0, 2.0, 49.0
0.4519865, -4.0, 2.0, 45.0
0.122047156, -10.0, 2.0, 48.0
0.9334145, 2.0, 2.0, 41.0
0.7848913, -50.0, 2.0, 48.0
0.50176454, -2.0, 2.0, 44.0
0.025168814, -12.0, 2.0, 49.0
0.37578964, 1.0, 2.0, 42.0
0.018590996, -48.0, 2.0, 49.0
0.0972849, -7.0, 2.0, 47.0
0.99581933, 7.0, 2.0, 37.0
0.91064024, -5.0, 2.0, 46.0
0.15565225, 6.0, 2.0, 38.0
0.85739225, 8.0, 2.0, 36.0
0.018120017, -9.0, 2.0, 48.0
0.94302934, 5.0, 2.0, 39.0
0.8026487, 9.0, 2.0, 35.0
0.33385035, 0.0, 2.0, 43.0
0.8661529, -3.0, 2.0, 45.0
0.9804146, 4.0, 2.0, 40.0
0.47741824, 10.0, 2.0, 34.0
0.67406696, -11.0, 2.0, 49.0
0.7032719, -49.0, 2.0, 49.0
0.7352982, 3.0, 2.0, 41.0
0.60774535, -1.0, 2.0, 44.0
0.04657972, -6.0, 2.0, 47.0
0.4397891, -8.0, 2.0, 48.0
0.2951568, 2.0, 2.0, 42.0
0.83329344, -4.0, 2.0, 46.0
0.22862609, -10.0, 2.0, 49.0
0.043522418, -50.0, 2.0, 49.0
0.67157316, -2.0, 2.0, 45.0
0.87803024, 1.0, 2.0, 43.0
0.5568765, 7.0, 2.0, 38.0
0.6822663, 8.0, 2.0, 37.0
0.42037132, 6.0, 2.0, 39.0
0.64808327, 9.0, 2.0, 36.0
0.65042037, 5.0, 2.0, 40.0
0.91806227, 10.0, 2.0, 35.0
0.3106914, -7.0, 2.0, 48.0
0.7539094, -5.0, 2.0, 47.0
0.92934954, 0.0, 2.0, 44.0
0.17021973, 4.0, 2.0, 41.0
0.21332288, -9.0, 2.0, 49.0
0.35585582, -3.0, 2.0, 46.0
0.9727939, 3.0, 2.0, 42.0
0.3173571, -1.0, 2.0, 45.0
0.47724766, 2.0, 2.0, 43.0
0.08863693, -6.0, 2.0, 48.0
0.18702014, -8.0, 2.0, 49.0
0.61830264, -4.0, 2.0, 47.0
0.06822679, 8.0, 2.0, 38.0
0.8329455, 7.0, 2.0, 39.0
0.08721344, 9.0, 2.0, 37.0
0.09751589, 6.0, 2.0, 40.0
0.65439856, 1.0, 2.0, 44.0
0.2713633, 10.0, 2.0, 36.0
0.7358188, -2.0, 2.0, 46.0
0.1627604, 5.0, 2.0, 41.0
0.6412371, 4.0, 2.0, 42.0
0.49092942, 0.0, 2.0, 45.0
0.5258278, -5.0, 2.0, 48.0
0.50107837, -7.0, 2.0, 49.0
0.8818546, -3.0, 2.0, 47.0
0.37617287, 3.0, 2.0, 43.0
0.5491526, -1.0, 2.0, 46.0
0.23368894, 2.0, 2.0, 44.0
0.4185129, 8.0, 2.0, 39.0
0.17410833, 9.0, 2.0, 38.0
0.24823874, 7.0, 2.0, 40.0
0.90125185, 10.0, 2.0, 37.0
0.14734158, -6.0, 2.0, 49.0
0.40664127, 6.0, 2.0, 41.0
0.91332465, -4.0, 2.0, 48.0
0.09800798, 1.0, 2.0, 45.0
0.74064523, 5.0, 2.0, 42.0
0.25602338, -2.0, 2.0, 47.0
0.85826427, 4.0, 2.0, 43.0
0.4766293, 0.0, 2.0, 46.0
0.5098124, 3.0, 2.0, 44.0
0.65544397, -5.0, 2.0, 49.0
0.78458697, -3.0, 2.0, 48.0
0.40518117, 9.0, 2.0, 39.0
0.14672422, 8.0, 2.0, 40.0
0.57953954, 10.0, 2.0, 38.0
0.9264763, 2.0, 2.0, 45.0
0.7734192, -1.0, 2.0, 47.0
0.44269082, 7.0, 2.0, 41.0
0.44854754, 6.0, 2.0, 42.0
0.05860785, 5.0, 2.0, 43.0
0.31771427, -4.0, 2.0, 49.0
0.15132935, 1.0, 2.0, 46.0
0.13502721, -2.0, 2.0, 48.0
0.3442931, 4.0, 2.0, 44.0
0.36221936, 0.0, 2.0, 47.0
0.13542777, 3.0, 2.0, 45.0
0.7935145, 9.0, 2.0, 40.0
0.303135, 10.0, 2.0, 39.0
0.0584618, 8.0, 2.0, 41.0
0.81772274, -3.0, 2.0, 49.0
0.62117344, 7.0, 2.0, 42.0
0.88540834, 2.0, 2.0, 46.0
0.04636503, -1.0, 2.0, 48.0
0.7416524, 6.0, 2.0, 43.0
0.7014533, 5.0, 2.0, 44.0
0.7546357, 1.0, 2.0, 47.0
0.95677465, 4.0, 2.0, 45.0
0.7405278, -2.0, 2.0, 49.0
0.2829533, 10.0, 2.0, 40.0
0.40033782, 9.0, 2.0, 41.0
0.32888323, 0.0, 2.0, 48.0
0.8121985, 3.0, 2.0, 46.0
0.20214468, 8.0, 2.0, 42.0
0.62969524, 7.0, 2.0, 43.0
0.325519, 6.0, 2.0, 44.0
0.30117354, 2.0, 2.0, 47.0
0.6712938, -1.0, 2.0, 49.0
0.31986508, 5.0, 2.0, 45.0
0.0950841, 1.0, 2.0, 48.0
0.40128717, 4.0, 2.0, 46.0
0.32187527, 10.0, 2.0, 41.0
0.051955335, 9.0, 2.0, 42.0
0.75099784, 8.0, 2.0, 43.0
0.3093866, 3.0, 2.0, 47.0
0.21896037, 0.0, 2.0, 49.0
0.3931672, 7.0, 2.0, 44.0
0.7178209, 6.0, 2.0, 45.0
0.5841481, 2.0, 2.0, 48.0
0.5435101, 5.0, 2.0, 46.0
0.14537247, 1.0, 2.0, 49.0
0.6278071, 4.0, 2.0, 47.0
0.39401183, 10.0, 2.0, 42.0
0.7771982, 9.0, 2.0, 43.0
0.83640206, 8.0, 2.0, 44.0
0.04244943, 3.0, 2.0, 48.0
0.3743599, 7.0, 2.0, 45.0
0.51833516, 6.0, 2.0, 46.0
0.094579205, 2.0, 2.0, 49.0
0.0206567, 5.0, 2.0, 47.0
0.75644237, 10.0, 2.0, 43.0
0.50765866, 9.0, 2.0, 44.0
0.3175382, 4.0, 2.0, 48.0
0.9585189, 8.0, 2.0, 45.0
0.2791908, 7.0, 2.0, 46.0
0.049201377, 3.0, 2.0, 49.0
0.22312818, 6.0, 2.0, 47.0
0.1851883, 5.0, 2.0, 48.0
0.14994135, 10.0, 2.0, 44.0
0.77414346, 9.0, 2.0, 45.0
0.4532086, 4.0, 2.0, 49.0
0.5152244, 8.0, 2.0, 46.0
0.9812211, 7.0, 2.0, 47.0
0.61450064, 6.0, 2.0, 48.0
0.390401, 10.0, 2.0, 45.0
0.32982084, 5.0, 2.0, 49.0
0.19813578, 9.0, 2.0, 46.0
0.9286959, 8.0, 2.0, 47.0
0.7433698, 7.0, 2.0, 48.0
0.78765315, 6.0, 2.0, 49.0
0.8845287, 10.0, 2.0, 46.0
0.9525062, 9.0, 2.0, 47.0
0.25796264, 8.0, 2.0, 48.0
0.45065537, 7.0, 2.0, 49.0
0.41596386, 10.0, 2.0, 47.0
0.13657263, 9.0, 2.0, 48.0
0.11954738, 8.0, 2.0, 49.0
0.95085573, 10.0, 2.0, 48.0
0.5137189, 9.0, 2.0, 49.0
0.47560742, 10.0, 2.0, 49.0
0.22614327, -202.0, 0.0, 29.0
0.3214699, -201.0, 0.0, 37.0
0.5463573, -268.0, 0.0, 39.0
0.63462496, -320.0, 0.0, 40.0
0.5324487, 818.0, 0.0, -76.0
0.26877254, 818.0, 0.0, -77.0
0.004079541, 818.0, 0.0, -81.0
