0.36202002, -42.0, 2.0, 27.0
0.6805958, -43.0, 2.0, 27.0
0.8389443, -42.0, 2.0, 26.0
0.17109407, -43.0, 2.0, 26.0
0.60859966, -42.0, 2.0, 28.0
0.1501084, -43.0, 2.0, 28.0
0.46184567, -41.0, 2.0, 27.0
0.5415276, -44.0, 2.0, 27.0
0.54639286, -41.0, 2.0, 26.0
0.4380835, -44.0, 2.0, 26.0
0.37140745, -41.0, 2.0, 28.0
0.6142376, -42.0, 2.0, 25.0
0.8753063, -43.0, 2.0, 25.0
0.7825749, -44.0, 2.0, 28.0
0.03325182, -42.0, 2.0, 29.0
0.9961589, -43.0, 2.0, 29.0
0.045895748, -41.0, 2.0, 25.0
0.422305, -44.0, 2.0, 25.0
0.45088091, -40.0, 2.0, 27.0
0.10953321, -45.0, 2.0, 27.0
0.6516591, -40.0, 2.0, 26.0
0.24629708, -41.0, 2.0, 29.0
0.12311056, -44.0, 2.0, 29.0
0.94030094, -45.0, 2.0, 26.0
0.5796699, -40.0, 2.0, 28.0
0.41929293, -45.0, 2.0, 28.0
0.4692097, -42.0, 2.0, 24.0
0.2222537, -43.0, 2.0, 24.0
0.46547985, -40.0, 2.0, 25.0
0.8836208, -45.0, 2.0, 25.0
0.9947254, -41.0, 2.0, 24.0
0.5479462, -42.0, 2.0, 30.0
0.96013236, -44.0, 2.0, 24.0
0.1391557, -43.0, 2.0, 30.0
0.57351184, -40.0, 2.0, 29.0
0.16396536, -45.0, 2.0, 29.0
0.81029594, -39.0, 2.0, 27.0
0.9852409, -41.0, 2.0, 30.0
0.35527188, -44.0, 2.0, 30.0
0.75600773, -46.0, 2.0, 27.0
0.776937, -39.0, 2.0, 26.0
0.9719146, -46.0, 2.0, 26.0
0.97295725, -39.0, 2.0, 28.0
0.35831708, -46.0, 2.0, 28.0
0.97361845, -40.0, 2.0, 24.0
0.15251449, -45.0, 2.0, 24.0
0.92066383, -42.0, 2.0, 23.0
0.63238513, -43.0, 2.0, 23.0
0.29242232, -39.0, 2.0, 25.0
0.35570723, -46.0, 2.0, 25.0
0.20019746, -40.0, 2.0, 30.0
0.15142189, -45.0, 2.0, 30.0
0.20366079, -39.0, 2.0, 29.0
0.6022182, -41.0, 2.0, 23.0
0.5932732, -44.0, 2.0, 23.0
0.9999506, -46.0, 2.0, 29.0
0.36495212, -42.0, 2.0, 31.0
0.48001254, -43.0, 2.0, 31.0
0.20635277, -41.0, 2.0, 31.0
0.9519871, -44.0, 2.0, 31.0
0.15590338, -38.0, 2.0, 27.0
0.26140514, -39.0, 2.0, 24.0
0.25641066, -46.0, 2.0, 24.0
0.72661203, -47.0, 2.0, 27.0
0.46655566, -38.0, 2.0, 26.0
0.29655418, -40.0, 2.0, 23.0
0.41846225, -45.0, 2.0, 23.0
0.33634886, -47.0, 2.0, 26.0
0.8109107, -38.0, 2.0, 28.0
0.7500187, -47.0, 2.0, 28.0
0.4394721, -39.0, 2.0, 30.0
0.34160873, -46.0, 2.0, 30.0
0.11127339, -38.0, 2.0, 25.0
0.06053833, -42.0, 2.0, 22.0
0.13830383, -40.0, 2.0, 31.0
0.9035684, -43.0, 2.0, 22.0
0.3048072, -45.0, 2.0, 31.0
0.59891856, -47.0, 2.0, 25.0
0.3576585, -38.0, 2.0, 29.0
0.88819635, -47.0, 2.0, 29.0
0.26061448, -41.0, 2.0, 22.0
0.87488234, -44.0, 2.0, 22.0
0.91149014, -39.0, 2.0, 23.0
0.9157449, -42.0, 2.0, 32.0
0.36381793, -43.0, 2.0, 32.0
0.3009757, -46.0, 2.0, 23.0
0.080174394, -38.0, 2.0, 24.0
0.17287748, -47.0, 2.0, 24.0
0.5225322, -41.0, 2.0, 32.0
0.9600901, -44.0, 2.0, 32.0
0.74574625, -40.0, 2.0, 22.0
0.00870218, -39.0, 2.0, 31.0
0.28428057, -45.0, 2.0, 22.0
0.042892702, -46.0, 2.0, 31.0
0.8308117, -37.0, 2.0, 27.0
0.82133335, -38.0, 2.0, 30.0
0.21032399, -47.0, 2.0, 30.0
0.6224309, -48.0, 2.0, 27.0
0.30727625, -37.0, 2.0, 26.0
0.50820535, -48.0, 2.0, 26.0
0.6495348, -37.0, 2.0, 28.0
0.21540497, -48.0, 2.0, 28.0
0.674825, -40.0, 2.0, 32.0
0.8012141, -45.0, 2.0, 32.0
0.5778618, -37.0, 2.0, 25.0
0.14307778, -48.0, 2.0, 25.0
0.4741239, -42.0, 2.0, 21.0
0.13686316, -43.0, 2.0, 21.0
0.22509539, -38.0, 2.0, 23.0
0.049519837, -37.0, 2.0, 29.0
0.096004926, -47.0, 2.0, 23.0
0.3219428, -48.0, 2.0, 29.0
0.7975594, -39.0, 2.0, 22.0
0.06086104, -46.0, 2.0, 22.0
0.87543464, -41.0, 2.0, 21.0
0.14687282, -44.0, 2.0, 21.0
0.7235151, -38.0, 2.0, 31.0
0.9764496, -47.0, 2.0, 31.0
0.21785487, -37.0, 2.0, 24.0
0.27168986, -42.0, 2.0, 33.0
0.4974826, -43.0, 2.0, 33.0
0.57129467, -48.0, 2.0, 24.0
0.29552448, -39.0, 2.0, 32.0
0.16376339, -46.0, 2.0, 32.0
0.3803439, -37.0, 2.0, 30.0
0.5588944, -40.0, 2.0, 21.0
0.6727786, -41.0, 2.0, 33.0
0.6016744, -45.0, 2.0, 21.0
0.9240092, -44.0, 2.0, 33.0
0.014530102, -48.0, 2.0, 30.0
0.071662344, -36.0, 2.0, 27.0
0.27629378, -49.0, 2.0, 27.0
0.5325909, -36.0, 2.0, 26.0
0.09133142, -49.0, 2.0, 26.0
0.373184, -36.0, 2.0, 28.0
0.3179481, -38.0, 2.0, 22.0
0.046443827, -47.0, 2.0, 22.0
0.6748951, -49.0, 2.0, 28.0
0.86447203, -40.0, 2.0, 33.0
0.157662, -45.0, 2.0, 33.0
0.6410943, -37.0, 2.0, 23.0
0.21696721, -48.0, 2.0, 23.0
0.6884098, -36.0, 2.0, 25.0
0.9908188, -49.0, 2.0, 25.0
0.16999514, -39.0, 2.0, 21.0
0.36467302, -46.0, 2.0, 21.0
0.42986003, -36.0, 2.0, 29.0
0.25318155, -38.0, 2.0, 32.0
0.4482069, -42.0, 2.0, 20.0
0.15900818, -43.0, 2.0, 20.0
0.7813811, -47.0, 2.0, 32.0
0.9420688, -49.0, 2.0, 29.0
0.8735209, -37.0, 2.0, 31.0
0.51477885, -48.0, 2.0, 31.0
0.27137536, -41.0, 2.0, 20.0
0.3195813, -44.0, 2.0, 20.0
0.2122025, -36.0, 2.0, 24.0
0.4139065, -39.0, 2.0, 33.0
0.10890008, -46.0, 2.0, 33.0
0.52012557, -49.0, 2.0, 24.0
0.3384475, -42.0, 2.0, 34.0
0.74498916, -43.0, 2.0, 34.0
0.30190822, -36.0, 2.0, 30.0
0.8510854, -49.0, 2.0, 30.0
0.20980978, -40.0, 2.0, 20.0
0.0042375163, -45.0, 2.0, 20.0
0.33947885, -37.0, 2.0, 22.0
0.12333958, -41.0, 2.0, 34.0
0.38526973, -44.0, 2.0, 34.0
0.13638087, -48.0, 2.0, 22.0
0.89363265, -38.0, 2.0, 21.0
0.17742902, -47.0, 2.0, 21.0
0.94828004, -35.0, 2.0, 27.0
0.6388644, -35.0, 2.0, 26.0
0.1926191, -36.0, 2.0, 23.0
0.88152695, -50.0, 2.0, 27.0
0.78403765, -37.0, 2.0, 32.0
0.6786359, -49.0, 2.0, 23.0
0.9451005, -48.0, 2.0, 32.0
0.26896626, -35.0, 2.0, 28.0
0.7783946, -50.0, 2.0, 26.0
0.37804684, -40.0, 2.0, 34.0
0.95344645, -45.0, 2.0, 34.0
0.15593217, -50.0, 2.0, 28.0
0.6552365, -38.0, 2.0, 33.0
0.61486816, -47.0, 2.0, 33.0
0.8443925, -39.0, 2.0, 20.0
0.5340269, -46.0, 2.0, 20.0
0.8498186, -35.0, 2.0, 25.0
0.65115005, -36.0, 2.0, 31.0
0.66660476, -50.0, 2.0, 25.0
0.2677677, -49.0, 2.0, 31.0
0.027465941, -35.0, 2.0, 29.0
0.6566282, -50.0, 2.0, 29.0
0.4572324, -42.0, 2.0, 19.0
0.14367798, -43.0, 2.0, 19.0
0.6002071, -41.0, 2.0, 19.0
0.7246095, -39.0, 2.0, 34.0
0.26331717, -44.0, 2.0, 19.0
0.11548619, -46.0, 2.0, 34.0
0.8683246, -35.0, 2.0, 24.0
0.29174265, -37.0, 2.0, 21.0
0.5189712, -48.0, 2.0, 21.0
0.6690457, -50.0, 2.0, 24.0
0.21947017, -36.0, 2.0, 22.0
0.96780914, -49.0, 2.0, 22.0
0.12551953, -35.0, 2.0, 30.0
0.590942, -38.0, 2.0, 20.0
0.15490675, -50.0, 2.0, 30.0
0.6576445, -42.0, 2.0, 35.0
0.05934682, -47.0, 2.0, 20.0
0.06635562, -43.0, 2.0, 35.0
0.78060246, -40.0, 2.0, 19.0
0.5145274, -45.0, 2.0, 19.0
0.8409732, -37.0, 2.0, 33.0
0.95459837, -48.0, 2.0, 33.0
0.800317, -36.0, 2.0, 32.0
0.7028499, -41.0, 2.0, 35.0
0.73892623, -44.0, 2.0, 35.0
0.29484576, -49.0, 2.0, 32.0
0.9784842, -35.0, 2.0, 23.0
0.1676094, -50.0, 2.0, 23.0
0.15326287, -38.0, 2.0, 34.0
0.5799357, -34.0, 2.0, 27.0
0.50260895, -47.0, 2.0, 34.0
0.60923886, -34.0, 2.0, 26.0
0.22613573, -40.0, 2.0, 35.0
0.10270952, -45.0, 2.0, 35.0
0.66805995, -34.0, 2.0, 28.0
0.6445195, -35.0, 2.0, 31.0
0.36058608, -39.0, 2.0, 19.0
0.72721845, -46.0, 2.0, 19.0
0.83255523, -50.0, 2.0, 31.0
0.6977947, -34.0, 2.0, 25.0
0.993786, -36.0, 2.0, 21.0
0.76622486, -49.0, 2.0, 21.0
0.6433003, -34.0, 2.0, 29.0
0.5114324, -37.0, 2.0, 20.0
0.6672402, -48.0, 2.0, 20.0
0.25677532, -42.0, 2.0, 18.0
0.12665318, -43.0, 2.0, 18.0
0.29045957, -39.0, 2.0, 35.0
0.16399789, -35.0, 2.0, 22.0
0.8172257, -46.0, 2.0, 35.0
0.34835437, -34.0, 2.0, 24.0
0.40351704, -50.0, 2.0, 22.0
0.24171373, -36.0, 2.0, 33.0
0.44195092, -41.0, 2.0, 18.0
0.0017747901, -44.0, 2.0, 18.0
0.25076222, -49.0, 2.0, 33.0
0.28043568, -38.0, 2.0, 19.0
0.044071592, -37.0, 2.0, 34.0
0.4622977, -47.0, 2.0, 19.0
0.3790717, -34.0, 2.0, 30.0
0.9852877, -48.0, 2.0, 34.0
0.29188305, -35.0, 2.0, 32.0
0.5578651, -50.0, 2.0, 32.0
0.17587347, -40.0, 2.0, 18.0
0.1367531, -45.0, 2.0, 18.0
0.30127263, -42.0, 2.0, 36.0
0.54888326, -43.0, 2.0, 36.0
0.5051645, -41.0, 2.0, 36.0
0.26505363, -44.0, 2.0, 36.0
0.044263605, -34.0, 2.0, 23.0
0.5850964, -38.0, 2.0, 35.0
0.46274635, -47.0, 2.0, 35.0
0.040159665, -36.0, 2.0, 20.0
0.912925, -49.0, 2.0, 20.0
0.21270064, -34.0, 2.0, 31.0
0.022437239, -33.0, 2.0, 27.0
0.11525401, -35.0, 2.0, 21.0
0.73823833, -39.0, 2.0, 18.0
0.34188485, -40.0, 2.0, 36.0
0.72099715, -46.0, 2.0, 18.0
0.13901241, -33.0, 2.0, 26.0
0.7051141, -45.0, 2.0, 36.0
0.45315054, -50.0, 2.0, 21.0
0.68672734, -33.0, 2.0, 28.0
0.6608522, -37.0, 2.0, 19.0
0.027602019, -48.0, 2.0, 19.0
0.7201739, -33.0, 2.0, 25.0
0.25518322, -36.0, 2.0, 34.0
0.69333994, -49.0, 2.0, 34.0
0.9524409, -35.0, 2.0, 33.0
0.15764023, -33.0, 2.0, 29.0
0.1351658, -50.0, 2.0, 33.0
0.7672373, -34.0, 2.0, 22.0
0.6444454, -39.0, 2.0, 36.0
0.8643933, -46.0, 2.0, 36.0
0.58913404, -42.0, 2.0, 17.0
0.41720483, -37.0, 2.0, 35.0
0.7738285, -43.0, 2.0, 17.0
0.9254065, -48.0, 2.0, 35.0
0.37440553, -33.0, 2.0, 24.0
0.16997051, -38.0, 2.0, 18.0
0.17341004, -47.0, 2.0, 18.0
0.5604979, -34.0, 2.0, 32.0
0.2549917, -41.0, 2.0, 17.0
0.27181074, -44.0, 2.0, 17.0
0.7627641, -33.0, 2.0, 30.0
0.6633725, -35.0, 2.0, 20.0
0.738638, -40.0, 2.0, 17.0
0.58847946, -45.0, 2.0, 17.0
0.046707164, -50.0, 2.0, 20.0
0.96149355, -36.0, 2.0, 19.0
0.31961757, -42.0, 2.0, 37.0
0.33826023, -43.0, 2.0, 37.0
0.8871341, -49.0, 2.0, 19.0
0.645444, -38.0, 2.0, 36.0
0.9150535, -33.0, 2.0, 23.0
0.5776062, -47.0, 2.0, 36.0
0.92005706, -41.0, 2.0, 37.0
0.4658562, -34.0, 2.0, 21.0
0.37102002, -44.0, 2.0, 37.0
0.6488698, -33.0, 2.0, 31.0
0.9438068, -35.0, 2.0, 34.0
0.97665244, -37.0, 2.0, 18.0
0.88440126, -50.0, 2.0, 34.0
0.120915875, -48.0, 2.0, 18.0
0.83970517, -39.0, 2.0, 17.0
0.8152498, -36.0, 2.0, 35.0
0.93746126, -46.0, 2.0, 17.0
0.10594836, -49.0, 2.0, 35.0
0.103120856, -40.0, 2.0, 37.0
0.6535504, -32.0, 2.0, 27.0
0.8743065, -45.0, 2.0, 37.0
0.21967156, -34.0, 2.0, 33.0
0.86067104, -32.0, 2.0, 26.0
0.72795033, -32.0, 2.0, 28.0
0.5618983, -32.0, 2.0, 25.0
0.86694527, -33.0, 2.0, 22.0
0.32843375, -37.0, 2.0, 36.0
0.66226494, -32.0, 2.0, 29.0
0.6729993, -48.0, 2.0, 36.0
0.98138195, -39.0, 2.0, 37.0
0.026386308, -46.0, 2.0, 37.0
0.6343815, -33.0, 2.0, 32.0
0.0044143596, -38.0, 2.0, 17.0
0.82487416, -47.0, 2.0, 17.0
0.70588845, -35.0, 2.0, 19.0
0.8056169, -42.0, 2.0, 16.0
0.90111303, -43.0, 2.0, 16.0
0.9618281, -32.0, 2.0, 24.0
0.8698783, -50.0, 2.0, 19.0
0.33116814, -34.0, 2.0, 20.0
0.2952978, -41.0, 2.0, 16.0
0.06291933, -44.0, 2.0, 16.0
0.969553, -32.0, 2.0, 30.0
0.20071098, -36.0, 2.0, 18.0
0.08920754, -49.0, 2.0, 18.0
0.76447546, -35.0, 2.0, 35.0
0.84665513, -34.0, 2.0, 34.0
0.62011445, -40.0, 2.0, 16.0
0.6114239, -50.0, 2.0, 35.0
0.41212967, -38.0, 2.0, 37.0
0.7570902, -45.0, 2.0, 16.0
0.638403, -33.0, 2.0, 21.0
0.6586736, -47.0, 2.0, 37.0
0.15117723, -32.0, 2.0, 23.0
0.35944897, -42.0, 2.0, 38.0
0.24851258, -43.0, 2.0, 38.0
0.19859618, -36.0, 2.0, 36.0
0.49110812, -37.0, 2.0, 17.0
0.38111332, -49.0, 2.0, 36.0
0.24605124, -41.0, 2.0, 38.0
0.15367511, -48.0, 2.0, 17.0
0.16807558, -44.0, 2.0, 38.0
0.28497297, -32.0, 2.0, 31.0
0.7171878, -33.0, 2.0, 33.0
0.81250346, -39.0, 2.0, 16.0
0.8566015, -46.0, 2.0, 16.0
0.15138379, -40.0, 2.0, 38.0
0.14495762, -45.0, 2.0, 38.0
0.3217854, -31.0, 2.0, 27.0
0.04060696, -31.0, 2.0, 26.0
0.16284919, -32.0, 2.0, 22.0
0.77268726, -31.0, 2.0, 28.0
0.40094894, -34.0, 2.0, 19.0
0.14389738, -37.0, 2.0, 37.0
0.53300786, -35.0, 2.0, 18.0
0.043904953, -48.0, 2.0, 37.0
0.8909729, -50.0, 2.0, 18.0
0.8415176, -31.0, 2.0, 25.0
0.4568628, -33.0, 2.0, 20.0
0.6500174, -31.0, 2.0, 29.0
7.463407E-6, -32.0, 2.0, 32.0
0.32593504, -39.0, 2.0, 38.0
0.67578775, -38.0, 2.0, 16.0
0.96019673, -46.0, 2.0, 38.0
0.140594, -47.0, 2.0, 16.0
0.18579535, -36.0, 2.0, 17.0
0.5486993, -34.0, 2.0, 35.0
0.3823376, -49.0, 2.0, 17.0
0.066767216, -31.0, 2.0, 24.0
0.470035, -35.0, 2.0, 36.0
0.09988387, -42.0, 2.0, 15.0
0.50960565, -43.0, 2.0, 15.0
0.6140479, -50.0, 2.0, 36.0
0.45642453, -33.0, 2.0, 34.0
0.3743209, -31.0, 2.0, 30.0
0.7440152, -41.0, 2.0, 15.0
0.7213123, -44.0, 2.0, 15.0
0.6211552, -32.0, 2.0, 21.0
0.5729445, -38.0, 2.0, 38.0
0.45663682, -47.0, 2.0, 38.0
0.5707505, -36.0, 2.0, 37.0
0.3148697, -40.0, 2.0, 15.0
0.8631383, -49.0, 2.0, 37.0
0.64344877, -45.0, 2.0, 15.0
0.6206019, -31.0, 2.0, 23.0
0.6905792, -37.0, 2.0, 16.0
0.46385875, -48.0, 2.0, 16.0
0.46651268, -32.0, 2.0, 33.0
0.025083639, -42.0, 2.0, 39.0
0.50019455, -43.0, 2.0, 39.0
0.59013426, -31.0, 2.0, 31.0
0.03206547, -34.0, 2.0, 18.0
0.43690336, -41.0, 2.0, 39.0
0.47894242, -44.0, 2.0, 39.0
0.10828952, -33.0, 2.0, 19.0
0.2502848, -39.0, 2.0, 15.0
0.46997526, -46.0, 2.0, 15.0
0.17072247, -35.0, 2.0, 17.0
0.30109474, -50.0, 2.0, 17.0
0.6458994, -40.0, 2.0, 39.0
0.1634339, -45.0, 2.0, 39.0
0.21250354, -37.0, 2.0, 38.0
0.97114235, -31.0, 2.0, 22.0
0.5444796, -48.0, 2.0, 38.0
0.63276744, -30.0, 2.0, 27.0
0.29214475, -34.0, 2.0, 36.0
0.2211046, -30.0, 2.0, 26.0
0.14615646, -32.0, 2.0, 20.0
0.71986866, -33.0, 2.0, 35.0
0.22156607, -30.0, 2.0, 28.0
0.64112675, -31.0, 2.0, 32.0
0.6166842, -30.0, 2.0, 25.0
0.8610281, -36.0, 2.0, 16.0
0.8259829, -35.0, 2.0, 37.0
0.30646348, -49.0, 2.0, 16.0
0.47517213, -38.0, 2.0, 15.0
0.58037055, -50.0, 2.0, 37.0
0.63995785, -39.0, 2.0, 39.0
0.94256574, -47.0, 2.0, 15.0
0.23847812, -30.0, 2.0, 29.0
0.98596305, -46.0, 2.0, 39.0
0.7223112, -32.0, 2.0, 34.0
0.8501784, -30.0, 2.0, 24.0
0.49416903, -42.0, 2.0, 14.0
0.3967982, -43.0, 2.0, 14.0
0.25447315, -31.0, 2.0, 21.0
0.6996104, -30.0, 2.0, 30.0
0.31711763, -41.0, 2.0, 14.0
0.76108414, -36.0, 2.0, 38.0
0.97064555, -44.0, 2.0, 14.0
0.101189226, -49.0, 2.0, 38.0
0.21921964, -33.0, 2.0, 18.0
0.83974856, -38.0, 2.0, 39.0
0.8831852, -34.0, 2.0, 17.0
0.9380156, -47.0, 2.0, 39.0
0.62737876, -31.0, 2.0, 33.0
0.22379024, -37.0, 2.0, 15.0
0.2129054, -30.0, 2.0, 23.0
0.8074834, -48.0, 2.0, 15.0
0.22182104, -40.0, 2.0, 14.0
0.13009006, -45.0, 2.0, 14.0
0.91153395, -32.0, 2.0, 19.0
0.55963266, -30.0, 2.0, 31.0
0.33496517, -35.0, 2.0, 16.0
0.57751673, -42.0, 2.0, 40.0
0.6723544, -50.0, 2.0, 16.0
0.8432558, -43.0, 2.0, 40.0
0.010487649, -33.0, 2.0, 36.0
0.98364294, -34.0, 2.0, 37.0
0.865096, -41.0, 2.0, 40.0
0.7747758, -44.0, 2.0, 40.0
0.2528875, -32.0, 2.0, 35.0
0.44211045, -39.0, 2.0, 14.0
0.40242654, -46.0, 2.0, 14.0
0.33027092, -37.0, 2.0, 39.0
0.4597683, -31.0, 2.0, 20.0
0.9416625, -48.0, 2.0, 39.0
0.14794338, -30.0, 2.0, 22.0
0.82761824, -40.0, 2.0, 40.0
0.022219587, -45.0, 2.0, 40.0
0.57008576, -35.0, 2.0, 38.0
0.10934361, -50.0, 2.0, 38.0
0.913582, -29.0, 2.0, 27.0
0.6030938, -36.0, 2.0, 15.0
0.30978233, -29.0, 2.0, 26.0
0.3254968, -49.0, 2.0, 15.0
0.79977435, -30.0, 2.0, 32.0
0.658639, -29.0, 2.0, 28.0
0.37641838, -31.0, 2.0, 34.0
0.05243053, -38.0, 2.0, 14.0
0.10176527, -29.0, 2.0, 25.0
0.35586157, -47.0, 2.0, 14.0
0.1780725, -39.0, 2.0, 40.0
0.5807792, -46.0, 2.0, 40.0
0.52722436, -29.0, 2.0, 29.0
0.15615721, -33.0, 2.0, 17.0
0.8795329, -32.0, 2.0, 18.0
0.7760346, -34.0, 2.0, 16.0
0.8318237, -29.0, 2.0, 24.0
0.9851629, -30.0, 2.0, 21.0
0.24487054, -36.0, 2.0, 39.0
0.22297725, -49.0, 2.0, 39.0
0.91573703, -42.0, 2.0, 13.0
0.08944581, -43.0, 2.0, 13.0
0.9011404, -29.0, 2.0, 30.0
0.67695504, -31.0, 2.0, 19.0
0.6689184, -33.0, 2.0, 37.0
0.39256, -41.0, 2.0, 13.0
0.4170401, -44.0, 2.0, 13.0
0.37721574, -38.0, 2.0, 40.0
0.18994781, -30.0, 2.0, 33.0
0.4061655, -32.0, 2.0, 36.0
0.6225826, -47.0, 2.0, 40.0
0.66128904, -37.0, 2.0, 14.0
0.30108184, -48.0, 2.0, 14.0
0.52631825, -35.0, 2.0, 15.0
0.4093143, -29.0, 2.0, 23.0
0.23445171, -50.0, 2.0, 15.0
0.86124736, -34.0, 2.0, 38.0
0.85070366, -40.0, 2.0, 13.0
0.8453386, -45.0, 2.0, 13.0
0.3946006, -31.0, 2.0, 35.0
0.23907135, -29.0, 2.0, 31.0
0.48950052, -42.0, 2.0, 41.0
0.81537974, -43.0, 2.0, 41.0
0.49039453, -30.0, 2.0, 20.0
0.44963783, -41.0, 2.0, 41.0
0.71072656, -44.0, 2.0, 41.0
0.5533499, -39.0, 2.0, 13.0
0.89931834, -37.0, 2.0, 40.0
0.8815171, -46.0, 2.0, 13.0
0.16032945, -48.0, 2.0, 40.0
0.37335736, -35.0, 2.0, 39.0
0.852358, -50.0, 2.0, 39.0
0.24471249, -29.0, 2.0, 22.0
0.82795346, -32.0, 2.0, 17.0
0.62482154, -36.0, 2.0, 14.0
0.5032684, -40.0, 2.0, 41.0
0.3555222, -33.0, 2.0, 16.0
0.39122394, -49.0, 2.0, 14.0
0.39833695, -30.0, 2.0, 34.0
0.74295086, -45.0, 2.0, 41.0
0.6409151, -29.0, 2.0, 32.0
0.06455717, -28.0, 2.0, 27.0
0.7911537, -31.0, 2.0, 18.0
0.3932493, -28.0, 2.0, 26.0
0.7928707, -28.0, 2.0, 28.0
0.10291638, -38.0, 2.0, 13.0
0.6046206, -47.0, 2.0, 13.0
0.579512, -34.0, 2.0, 15.0
0.8322355, -28.0, 2.0, 25.0
0.66659933, -39.0, 2.0, 41.0
0.19066127, -32.0, 2.0, 37.0
0.27755398, -46.0, 2.0, 41.0
0.95199955, -28.0, 2.0, 29.0
0.8400567, -33.0, 2.0, 38.0
0.7903322, -36.0, 2.0, 40.0
0.25819644, -29.0, 2.0, 21.0
0.90149736, -31.0, 2.0, 36.0
0.21590477, -49.0, 2.0, 40.0
0.11473717, -30.0, 2.0, 19.0
0.9113462, -28.0, 2.0, 24.0
0.34589127, -28.0, 2.0, 30.0
0.6047093, -29.0, 2.0, 33.0
0.10704882, -34.0, 2.0, 39.0
0.72161865, -42.0, 2.0, 12.0
0.5893943, -43.0, 2.0, 12.0
0.1117827, -35.0, 2.0, 14.0
0.79411596, -38.0, 2.0, 41.0
0.48879716, -50.0, 2.0, 14.0
0.2860429, -37.0, 2.0, 13.0
0.034149498, -47.0, 2.0, 41.0
0.8871103, -48.0, 2.0, 13.0
0.7389589, -41.0, 2.0, 12.0
0.27843106, -44.0, 2.0, 12.0
0.774, -30.0, 2.0, 35.0
0.3228936, -28.0, 2.0, 23.0
0.15588863, -40.0, 2.0, 12.0
0.5026682, -45.0, 2.0, 12.0
0.23936543, -32.0, 2.0, 16.0
0.2512633, -28.0, 2.0, 31.0
0.27743945, -29.0, 2.0, 20.0
0.9769258, -31.0, 2.0, 17.0
0.008413059, -35.0, 2.0, 40.0
0.067959726, -33.0, 2.0, 15.0
0.1477886, -50.0, 2.0, 40.0
0.25128886, -42.0, 2.0, 42.0
0.87067175, -43.0, 2.0, 42.0
0.9692962, -37.0, 2.0, 41.0
0.09407674, -48.0, 2.0, 41.0
0.33822927, -39.0, 2.0, 12.0
0.22666518, -46.0, 2.0, 12.0
0.1614991, -41.0, 2.0, 42.0
0.30470628, -44.0, 2.0, 42.0
0.0658711, -28.0, 2.0, 22.0
0.22684155, -29.0, 2.0, 34.0
0.29632095, -36.0, 2.0, 13.0
0.42661548, -30.0, 2.0, 18.0
3.1775827E-4, -49.0, 2.0, 13.0
0.46135443, -32.0, 2.0, 38.0
0.9242179, -31.0, 2.0, 37.0
0.9701321, -28.0, 2.0, 32.0
0.56866395, -40.0, 2.0, 42.0
0.47416237, -34.0, 2.0, 14.0
0.75735766, -45.0, 2.0, 42.0
0.9125512, -33.0, 2.0, 39.0
0.7809159, -27.0, 2.0, 27.0
0.36807942, -30.0, 2.0, 36.0
0.31695133, -38.0, 2.0, 12.0
0.52536935, -27.0, 2.0, 26.0
0.99689555, -47.0, 2.0, 12.0
0.29182297, -27.0, 2.0, 28.0
0.10287956, -39.0, 2.0, 42.0
0.115147516, -46.0, 2.0, 42.0
0.5133054, -36.0, 2.0, 41.0
0.65576863, -27.0, 2.0, 25.0
0.76830906, -29.0, 2.0, 19.0
0.06426352, -49.0, 2.0, 41.0
0.35648334, -28.0, 2.0, 21.0
0.5100369, -27.0, 2.0, 29.0
0.90797293, -34.0, 2.0, 40.0
0.28535408, -35.0, 2.0, 13.0
0.5579761, -27.0, 2.0, 24.0
0.6366996, -28.0, 2.0, 33.0
0.9760143, -50.0, 2.0, 13.0
0.9620356, -29.0, 2.0, 35.0
0.36291507, -31.0, 2.0, 16.0
0.55730885, -27.0, 2.0, 30.0
0.5377694, -32.0, 2.0, 15.0
0.2385319, -37.0, 2.0, 12.0
0.2752755, -38.0, 2.0, 42.0
0.8376144, -48.0, 2.0, 12.0
0.52959305, -47.0, 2.0, 42.0
0.34212583, -30.0, 2.0, 17.0
0.57945603, -27.0, 2.0, 23.0
0.7832508, -33.0, 2.0, 14.0
0.4518061, -28.0, 2.0, 20.0
0.47489178, -31.0, 2.0, 38.0
0.9942131, -35.0, 2.0, 41.0
0.86333776, -27.0, 2.0, 31.0
0.45206976, -50.0, 2.0, 41.0
0.69495356, -32.0, 2.0, 39.0
0.4128395, -30.0, 2.0, 37.0
0.97335345, -29.0, 2.0, 18.0
0.069970824, -37.0, 2.0, 42.0
0.9225527, -48.0, 2.0, 42.0
0.26257583, -28.0, 2.0, 34.0
0.95430315, -36.0, 2.0, 12.0
0.00832537, -42.0, 2.0, 43.0
0.15250038, -43.0, 2.0, 43.0
0.8765962, -49.0, 2.0, 12.0
0.62211925, -27.0, 2.0, 22.0
0.6726875, -34.0, 2.0, 13.0
0.93212575, -33.0, 2.0, 40.0
0.4135108, -41.0, 2.0, 43.0
0.9293948, -44.0, 2.0, 43.0
0.37777454, -29.0, 2.0, 36.0
0.17262182, -27.0, 2.0, 32.0
0.28217933, -40.0, 2.0, 43.0
0.7809641, -45.0, 2.0, 43.0
0.057998534, -28.0, 2.0, 19.0
0.40173033, -26.0, 2.0, 27.0
0.7337314, -31.0, 2.0, 15.0
0.45551023, -26.0, 2.0, 26.0
0.039017655, -36.0, 2.0, 42.0
0.6369945, -34.0, 2.0, 41.0
0.26804093, -49.0, 2.0, 42.0
0.5472926, -26.0, 2.0, 28.0
0.928201, -30.0, 2.0, 16.0
0.16134892, -27.0, 2.0, 21.0
0.76850337, -39.0, 2.0, 43.0
0.8352504, -46.0, 2.0, 43.0
0.9641244, -32.0, 2.0, 14.0
0.61660475, -26.0, 2.0, 25.0
0.82681656, -35.0, 2.0, 12.0
0.5111548, -26.0, 2.0, 29.0
0.22869168, -28.0, 2.0, 35.0
0.9954261, -50.0, 2.0, 12.0
0.5485668, -27.0, 2.0, 33.0
0.75414354, -29.0, 2.0, 17.0
0.97020465, -26.0, 2.0, 24.0
0.3086851, -31.0, 2.0, 39.0
0.24077389, -30.0, 2.0, 38.0
0.72588867, -33.0, 2.0, 13.0
0.91167784, -26.0, 2.0, 30.0
0.93261886, -38.0, 2.0, 43.0
0.77415043, -47.0, 2.0, 43.0
0.6788091, -32.0, 2.0, 40.0
0.8259238, -29.0, 2.0, 37.0
0.8990045, -26.0, 2.0, 23.0
0.085681714, -27.0, 2.0, 20.0
0.019156775, -35.0, 2.0, 42.0
0.84741044, -50.0, 2.0, 42.0
0.68160355, -28.0, 2.0, 18.0
0.24123463, -26.0, 2.0, 31.0
0.8474675, -33.0, 2.0, 41.0
0.9606173, -27.0, 2.0, 34.0
0.3534191, -37.0, 2.0, 43.0
0.7132557, -34.0, 2.0, 12.0
0.7107812, -48.0, 2.0, 43.0
0.85559547, -28.0, 2.0, 36.0
0.34184667, -26.0, 2.0, 22.0
0.04521888, -42.0, 2.0, 44.0
0.04420266, -43.0, 2.0, 44.0
0.8736624, -30.0, 2.0, 15.0
0.39258918, -31.0, 2.0, 14.0
0.872337, -41.0, 2.0, 44.0
0.05378483, -44.0, 2.0, 44.0
0.079638995, -26.0, 2.0, 32.0
0.76824516, -29.0, 2.0, 16.0
0.3471505, -27.0, 2.0, 19.0
0.59838337, -32.0, 2.0, 13.0
0.591762, -40.0, 2.0, 44.0
0.15376933, -45.0, 2.0, 44.0
0.37896007, -34.0, 2.0, 42.0
0.9650441, -36.0, 2.0, 43.0
0.17638415, -30.0, 2.0, 39.0
0.21854235, -49.0, 2.0, 43.0
0.73767066, -31.0, 2.0, 40.0
0.30064887, -26.0, 2.0, 21.0
0.7717974, -25.0, 2.0, 27.0
0.2935771, -25.0, 2.0, 26.0
0.9954659, -28.0, 2.0, 17.0
0.8619599, -27.0, 2.0, 35.0
0.04399415, -29.0, 2.0, 38.0
0.16242634, -25.0, 2.0, 28.0
0.48383388, -39.0, 2.0, 44.0
0.17686653, -46.0, 2.0, 44.0
0.2969063, -25.0, 2.0, 25.0
0.53564733, -26.0, 2.0, 33.0
0.9288167, -33.0, 2.0, 12.0
0.6715526, -25.0, 2.0, 29.0
0.06063889, -32.0, 2.0, 41.0
0.38121653, -28.0, 2.0, 37.0
0.1939572, -25.0, 2.0, 24.0
0.31146625, -38.0, 2.0, 44.0
0.4634421, -47.0, 2.0, 44.0
0.91707766, -25.0, 2.0, 30.0
0.60826886, -27.0, 2.0, 18.0
0.32838812, -35.0, 2.0, 43.0
0.056641027, -26.0, 2.0, 20.0
0.7370449, -50.0, 2.0, 43.0
0.6856556, -33.0, 2.0, 42.0
0.16155903, -25.0, 2.0, 23.0
0.10647063, -30.0, 2.0, 14.0
0.23757206, -29.0, 2.0, 15.0
0.6525598, -25.0, 2.0, 31.0
0.3277402, -31.0, 2.0, 13.0
0.49273774, -26.0, 2.0, 34.0
0.24043818, -27.0, 2.0, 36.0
0.09221953, -37.0, 2.0, 44.0
0.053245235, -48.0, 2.0, 44.0
0.26146105, -28.0, 2.0, 16.0
0.46518815, -25.0, 2.0, 22.0
0.18676536, -30.0, 2.0, 40.0
0.15039614, -32.0, 2.0, 12.0
0.5671144, -29.0, 2.0, 39.0
0.29520705, -42.0, 2.0, 45.0
0.49249125, -43.0, 2.0, 45.0
0.8015191, -25.0, 2.0, 32.0
0.20982653, -41.0, 2.0, 45.0
0.10259495, -44.0, 2.0, 45.0
0.91898364, -31.0, 2.0, 41.0
0.6255118, -26.0, 2.0, 19.0
0.2238666, -34.0, 2.0, 43.0
0.24954887, -28.0, 2.0, 38.0
0.59939533, -27.0, 2.0, 17.0
0.6451757, -40.0, 2.0, 45.0
0.0059713656, -45.0, 2.0, 45.0
0.767747, -36.0, 2.0, 44.0
0.6370021, -49.0, 2.0, 44.0
0.5479223, -26.0, 2.0, 35.0
0.28554648, -25.0, 2.0, 21.0
0.6322698, -32.0, 2.0, 42.0
0.29228115, -24.0, 2.0, 27.0
0.9381266, -24.0, 2.0, 26.0
0.83350086, -39.0, 2.0, 45.0
0.49288124, -46.0, 2.0, 45.0
0.035103522, -24.0, 2.0, 28.0
0.11631387, -27.0, 2.0, 37.0
0.18245001, -25.0, 2.0, 33.0
0.70303303, -24.0, 2.0, 25.0
0.028231643, -24.0, 2.0, 29.0
0.2885305, -29.0, 2.0, 14.0
0.7882499, -30.0, 2.0, 13.0
0.49574307, -24.0, 2.0, 24.0
0.031167518, -26.0, 2.0, 18.0
0.0086646825, -28.0, 2.0, 15.0
0.0013009891, -38.0, 2.0, 45.0
0.19553913, -47.0, 2.0, 45.0
0.41749638, -35.0, 2.0, 44.0
0.08714483, -33.0, 2.0, 43.0
0.9357866, -24.0, 2.0, 30.0
0.4269474, -50.0, 2.0, 44.0
0.98422366, -31.0, 2.0, 12.0
0.16135946, -25.0, 2.0, 20.0
0.8259885, -29.0, 2.0, 40.0
0.3825446, -26.0, 2.0, 36.0
0.49820402, -24.0, 2.0, 23.0
0.61630523, -30.0, 2.0, 41.0
0.74104726, -27.0, 2.0, 16.0
0.3473815, -25.0, 2.0, 34.0
0.4726126, -28.0, 2.0, 39.0
0.5683847, -24.0, 2.0, 31.0
0.59301347, -22.0, 5.0, 27.0
0.84162515, -37.0, 2.0, 45.0
0.49551097, -22.0, 5.0, 26.0
0.18093836, -48.0, 2.0, 45.0
0.21775937, -22.0, 5.0, 28.0
0.9395552, -31.0, 2.0, 42.0
0.54291105, -22.0, 5.0, 25.0
0.66701096, -22.0, 5.0, 29.0
0.9343016, -27.0, 2.0, 38.0
0.5505899, -24.0, 2.0, 22.0
0.100342155, -25.0, 2.0, 19.0
0.95301473, -34.0, 2.0, 44.0
0.39530763, -22.0, 5.0, 24.0
0.7068055, -42.0, 2.0, 46.0
0.58977777, -43.0, 2.0, 46.0
0.12636766, -26.0, 2.0, 17.0
0.7300377, -24.0, 2.0, 32.0
0.1914527, -41.0, 2.0, 46.0
0.5528806, -44.0, 2.0, 46.0
0.47084764, -32.0, 2.0, 43.0
0.9507009, -36.0, 2.0, 45.0
0.16426143, -25.0, 2.0, 35.0
0.27687547, -29.0, 2.0, 13.0
0.10531808, -49.0, 2.0, 45.0
0.3441782, -40.0, 2.0, 46.0
0.7918667, -45.0, 2.0, 46.0
0.06596144, -28.0, 2.0, 14.0
0.984645, -22.0, 5.0, 23.0
0.1032949, -26.0, 2.0, 37.0
0.27547473, -24.0, 2.0, 21.0
0.15902625, -30.0, 2.0, 12.0
0.29603896, -22.0, 5.0, 31.0
0.76529866, -22.0, 4.0, 27.0
0.082928814, -22.0, 4.0, 26.0
0.37352735, -22.0, 4.0, 28.0
0.089719206, -23.0, 2.0, 27.0
0.11992801, -27.0, 2.0, 15.0
0.63862437, -24.0, 2.0, 33.0
0.91575587, -39.0, 2.0, 46.0
0.3197126, -23.0, 2.0, 26.0
0.1254316, -46.0, 2.0, 46.0
0.20225967, -23.0, 2.0, 28.0
0.43930092, -22.0, 4.0, 25.0
0.33876234, -22.0, 4.0, 29.0
0.02812538, -29.0, 2.0, 41.0
0.17619929, -23.0, 2.0, 25.0
0.3563835, -22.0, 5.0, 22.0
0.29073682, -28.0, 2.0, 40.0
0.31955138, -25.0, 2.0, 18.0
0.6212661, -23.0, 2.0, 29.0
0.6108308, -33.0, 2.0, 44.0
0.7745926, -22.0, 4.0, 24.0
0.38502857, -30.0, 2.0, 42.0
0.33206645, -35.0, 2.0, 45.0
0.6068132, -22.0, 5.0, 32.0
0.6158591, -50.0, 2.0, 45.0
0.69836235, -23.0, 2.0, 24.0
0.4254918, -38.0, 2.0, 46.0
0.75406754, -27.0, 2.0, 39.0
0.57477784, -24.0, 2.0, 20.0
0.19970635, -47.0, 2.0, 46.0
0.029830841, -26.0, 2.0, 16.0
0.13818303, -23.0, 2.0, 30.0
0.34464142, -25.0, 2.0, 36.0
0.057046372, -22.0, 4.0, 23.0
0.3269626, -24.0, 2.0, 34.0
0.15362537, -31.0, 2.0, 43.0
0.2495433, -22.0, 5.0, 21.0
0.35650307, -23.0, 2.0, 23.0
0.89639276, -22.0, 4.0, 31.0
0.5475289, -26.0, 2.0, 38.0
0.637662, -23.0, 2.0, 31.0
0.3926263, -22.0, 3.0, 27.0
0.037432566, -37.0, 2.0, 46.0
0.21388648, -22.0, 5.0, 33.0
0.08436873, -22.0, 3.0, 26.0
0.13708104, -48.0, 2.0, 46.0
0.50460935, -22.0, 3.0, 28.0
0.25061828, -22.0, 3.0, 25.0
0.16885991, -28.0, 2.0, 13.0
0.15260105, -22.0, 4.0, 22.0
0.88143754, -29.0, 2.0, 12.0
0.24610372, -25.0, 2.0, 17.0
0.7686821, -22.0, 3.0, 29.0
0.6888128, -34.0, 2.0, 45.0
0.6389664, -23.0, 2.0, 22.0
0.4971106, -24.0, 2.0, 19.0
0.5284291, -27.0, 2.0, 14.0
0.94750935, -22.0, 4.0, 32.0
0.7780617, -32.0, 2.0, 44.0
0.876658, -22.0, 3.0, 24.0
0.40205574, -23.0, 2.0, 32.0
0.5371799, -22.0, 5.0, 20.0
0.8381663, -21.0, 5.0, 29.0
0.36820102, -42.0, 2.0, 47.0
0.94266796, -43.0, 2.0, 47.0
0.95007753, -24.0, 2.0, 35.0
0.97032386, -25.0, 2.0, 37.0
0.8616268, -41.0, 2.0, 47.0
0.3193107, -44.0, 2.0, 47.0
0.48983422, -36.0, 2.0, 46.0
0.7185395, -49.0, 2.0, 46.0
0.6669029, -28.0, 2.0, 41.0
0.8771909, -22.0, 5.0, 34.0
0.45360845, -26.0, 2.0, 15.0
0.13108982, -22.0, 4.0, 21.0
0.3428202, -29.0, 2.0, 42.0
0.42593673, -22.0, 3.0, 23.0
0.5299781, -27.0, 2.0, 40.0
0.832184, -40.0, 2.0, 47.0
0.86112577, -23.0, 2.0, 21.0
0.33990747, -45.0, 2.0, 47.0
0.31226686, -22.0, 3.0, 31.0
0.7244165, -22.0, 4.0, 33.0
0.8304398, -30.0, 2.0, 43.0
0.98523307, -23.0, 2.0, 33.0
0.5467196, -21.0, 5.0, 31.0
0.06374102, -39.0, 2.0, 47.0
0.48970526, -24.0, 2.0, 18.0
0.95017654, -22.0, 2.0, 27.0
0.23591861, -46.0, 2.0, 47.0
0.7512349, -26.0, 2.0, 39.0
0.44751832, -22.0, 2.0, 26.0
0.048576538, -33.0, 2.0, 45.0
5.9114056E-5, -22.0, 2.0, 28.0
0.81971145, -22.0, 3.0, 22.0
0.69154054, -22.0, 5.0, 19.0
0.09054041, -22.0, 2.0, 25.0
0.1621789, -25.0, 2.0, 16.0
0.2582772, -35.0, 2.0, 46.0
0.22129439, -22.0, 2.0, 29.0
0.97022384, -22.0, 4.0, 20.0
0.8681637, -22.0, 3.0, 32.0
0.5142204, -21.0, 4.0, 29.0
0.7679961, -50.0, 2.0, 46.0
0.707446, -24.0, 2.0, 36.0
0.1783264, -23.0, 2.0, 20.0
0.23915517, -22.0, 5.0, 35.0
0.4566802, -31.0, 2.0, 44.0
0.69805324, -38.0, 2.0, 47.0
0.47458485, -22.0, 2.0, 24.0
0.10513599, -47.0, 2.0, 47.0
0.93872386, -22.0, 4.0, 34.0
0.5773592, -22.0, 2.0, 30.0
0.71573925, -28.0, 2.0, 12.0
0.8064955, -25.0, 2.0, 38.0
0.4769774, -27.0, 2.0, 13.0
0.7816526, -23.0, 2.0, 34.0
0.04307702, -22.0, 3.0, 21.0
0.6844477, -22.0, 2.0, 23.0
0.7010624, -22.0, 3.0, 33.0
0.10467822, -26.0, 2.0, 14.0
0.9895095, -22.0, 2.0, 31.0
0.76403826, -21.0, 4.0, 31.0
0.26699787, -37.0, 2.0, 47.0
0.2891603, -48.0, 2.0, 47.0
0.077671774, -22.0, 5.0, 18.0
0.37681186, -24.0, 2.0, 17.0
0.4531681, -22.0, 4.0, 19.0
0.967853, -34.0, 2.0, 46.0
0.90589184, -28.0, 2.0, 42.0
0.95760584, -32.0, 2.0, 45.0
0.8037456, -27.0, 2.0, 41.0
0.074264154, -23.0, 2.0, 19.0
0.91566515, -22.0, 2.0, 22.0
0.050169695, -29.0, 2.0, 43.0
0.2910366, -22.0, 5.0, 36.0
0.18011582, -22.0, 3.0, 20.0
0.9102429, -21.0, 3.0, 29.0
0.03384654, -22.0, 4.0, 35.0
0.1098156, -24.0, 2.0, 37.0
0.08476565, -26.0, 2.0, 40.0
0.051173408, -25.0, 2.0, 15.0
0.5923442, -22.0, 2.0, 32.0
0.1395688, -23.0, 2.0, 35.0
0.38123056, -42.0, 2.0, 48.0
0.49810803, -43.0, 2.0, 48.0
0.48566136, -22.0, 3.0, 34.0
0.31466675, -36.0, 2.0, 47.0
0.65411544, -49.0, 2.0, 47.0
0.07691423, -20.0, 5.0, 29.0
0.7575227, -41.0, 2.0, 48.0
0.62783897, -30.0, 2.0, 44.0
0.42666584, -44.0, 2.0, 48.0
0.36211067, -22.0, 2.0, 21.0
0.113218606, -25.0, 2.0, 39.0
0.25892398, -40.0, 2.0, 48.0
0.96732605, -45.0, 2.0, 48.0
0.34186903, -22.0, 4.0, 18.0
0.8365302, -22.0, 5.0, 17.0
0.3687206, -21.0, 3.0, 31.0
0.59059906, -23.0, 2.0, 18.0
0.3973018, -22.0, 2.0, 33.0
0.27946332, -33.0, 2.0, 46.0
0.42686692, -24.0, 2.0, 16.0
0.14266853, -22.0, 3.0, 19.0
0.67248297, -27.0, 2.0, 12.0
0.6548013, -39.0, 2.0, 48.0
0.55302644, -46.0, 2.0, 48.0
0.949157, -21.0, 2.0, 27.0
0.03762456, -22.0, 4.0, 36.0
0.5890274, -21.0, 2.0, 26.0
0.24226044, -31.0, 2.0, 45.0
0.6205587, -21.0, 2.0, 28.0
0.7550587, -26.0, 2.0, 13.0
0.6519555, -35.0, 2.0, 47.0
0.018319098, -20.0, 5.0, 31.0
0.76029944, -22.0, 5.0, 37.0
0.64615136, -23.0, 2.0, 36.0
0.8694472, -50.0, 2.0, 47.0
0.012684092, -22.0, 3.0, 35.0
0.80103993, -21.0, 2.0, 25.0
0.027000533, -22.0, 2.0, 20.0
0.046883136, -21.0, 2.0, 29.0
0.20254792, -24.0, 2.0, 38.0
0.9067527, -20.0, 4.0, 29.0
0.9317487, -38.0, 2.0, 48.0
0.5835941, -47.0, 2.0, 48.0
0.057515945, -21.0, 2.0, 24.0
0.12126823, -27.0, 2.0, 42.0
0.17456445, -25.0, 2.0, 14.0
0.34224766, -22.0, 2.0, 34.0
0.64266926, -28.0, 2.0, 43.0
0.71839774, -21.0, 2.0, 30.0
0.6148269, -26.0, 2.0, 41.0
0.052224968, -22.0, 4.0, 17.0
0.80472785, -22.0, 3.0, 18.0
0.014405981, -21.0, 2.0, 23.0
0.58477116, -23.0, 2.0, 17.0
0.6723106, -29.0, 2.0, 44.0
0.92840546, -22.0, 5.0, 16.0
0.74052095, -32.0, 2.0, 46.0
0.8148304, -37.0, 2.0, 48.0
0.115558505, -21.0, 2.0, 31.0
0.8916478, -48.0, 2.0, 48.0
0.44133067, -34.0, 2.0, 47.0
0.3491377, -25.0, 2.0, 40.0
0.74798566, -22.0, 2.0, 19.0
0.27129972, -20.0, 4.0, 31.0
0.2643327, -22.0, 4.0, 37.0
0.8821248, -24.0, 2.0, 15.0
0.112783566, -22.0, 3.0, 36.0
0.5548457, -23.0, 2.0, 37.0
0.9365648, -22.0, 5.0, 38.0
0.6668844, -21.0, 2.0, 22.0
0.40302807, -30.0, 2.0, 45.0
0.09922205, -22.0, 2.0, 35.0
0.68616, -21.0, 2.0, 32.0
0.64693743, -20.0, 3.0, 29.0
0.30840585, -24.0, 2.0, 39.0
0.8442991, -36.0, 2.0, 48.0
0.3598332, -49.0, 2.0, 48.0
0.74527305, -26.0, 2.0, 12.0
0.99526536, -42.0, 2.0, 49.0
0.33648375, -43.0, 2.0, 49.0
0.011720098, -41.0, 2.0, 49.0
0.30800748, -22.0, 3.0, 17.0
0.14433955, -44.0, 2.0, 49.0
0.44699502, -22.0, 4.0, 16.0
0.79465413, -21.0, 2.0, 21.0
0.54473245, -19.0, 5.0, 29.0
0.16677593, -23.0, 2.0, 16.0
0.27971545, -25.0, 2.0, 13.0
0.07188051, -33.0, 2.0, 47.0
0.43360135, -22.0, 2.0, 18.0
0.9466494, -40.0, 2.0, 49.0
0.15512384, -45.0, 2.0, 49.0
0.2853703, -31.0, 2.0, 46.0
0.9664283, -21.0, 2.0, 33.0
0.7169216, -22.0, 5.0, 15.0
0.22966607, -20.0, 3.0, 31.0
0.26631257, -22.0, 3.0, 37.0
0.79755044, -27.0, 2.0, 43.0
0.96585023, -26.0, 2.0, 42.0
0.26402196, -22.0, 4.0, 38.0
0.35402578, -22.0, 2.0, 36.0
0.32993266, -39.0, 2.0, 49.0
0.59214044, -46.0, 2.0, 49.0
0.2890782, -23.0, 2.0, 38.0
0.9014438, -35.0, 2.0, 48.0
0.022967115, -28.0, 2.0, 44.0
0.8796697, -50.0, 2.0, 48.0
0.43501893, -20.0, 2.0, 27.0
0.48849604, -20.0, 2.0, 26.0
0.23865041, -24.0, 2.0, 14.0
0.2464062, -25.0, 2.0, 41.0
0.9867963, -20.0, 2.0, 28.0
0.4391162, -22.0, 5.0, 39.0
0.25629476, -21.0, 2.0, 20.0
0.13718076, -20.0, 2.0, 25.0
0.8083461, -19.0, 5.0, 31.0
0.043275923, -20.0, 2.0, 29.0
0.1806574, -38.0, 2.0, 49.0
0.8762602, -29.0, 2.0, 45.0
0.63826424, -47.0, 2.0, 49.0
0.2223564, -21.0, 2.0, 34.0
0.3443491, -20.0, 2.0, 24.0
0.7732099, -19.0, 4.0, 29.0
0.4012619, -22.0, 3.0, 16.0
0.244333, -24.0, 2.0, 40.0
0.4626084, -20.0, 2.0, 30.0
0.28432256, -22.0, 2.0, 17.0
0.6025682, -32.0, 2.0, 47.0
0.49466336, -22.0, 4.0, 15.0
0.23700605, -23.0, 2.0, 15.0
0.5719277, -20.0, 2.0, 23.0
0.07655142, -34.0, 2.0, 48.0
0.23943205, -37.0, 2.0, 49.0
0.32436934, -48.0, 2.0, 49.0
0.37518853, -22.0, 3.0, 38.0
0.8461812, -21.0, 2.0, 19.0
0.77922106, -20.0, 2.0, 31.0
0.5881932, -22.0, 2.0, 37.0
0.7085275, -30.0, 2.0, 46.0
0.61655515, -22.0, 5.0, 14.0
0.38533688, -25.0, 2.0, 12.0
0.33203167, -22.0, 4.0, 39.0
0.5376162, -19.0, 4.0, 31.0
0.47356567, -23.0, 2.0, 39.0
0.9344414, -21.0, 2.0, 35.0
0.7778401, -20.0, 2.0, 22.0
0.24789886, -20.0, 2.0, 32.0
0.687884, -24.0, 2.0, 13.0
0.21329594, -26.0, 2.0, 43.0
0.39696345, -22.0, 5.0, 40.0
0.41691235, -36.0, 2.0, 49.0
0.13478972, -19.0, 3.0, 29.0
0.45224372, -49.0, 2.0, 49.0
0.82744515, -27.0, 2.0, 44.0
0.12920192, -25.0, 2.0, 42.0
0.7319765, -22.0, 2.0, 16.0
0.7642178, -22.0, 3.0, 15.0
0.018555176, -33.0, 2.0, 48.0
0.8314218, -31.0, 2.0, 47.0
0.4703146, -20.0, 2.0, 21.0
0.815478, -21.0, 2.0, 18.0
0.9319139, -28.0, 2.0, 45.0
0.51524895, -22.0, 4.0, 14.0
0.066654935, -24.0, 2.0, 41.0
0.23494285, -20.0, 2.0, 33.0
0.598315, -23.0, 2.0, 14.0
0.8370273, -18.0, 5.0, 29.0
0.0031080877, -22.0, 2.0, 38.0
0.9808968, -21.0, 2.0, 36.0
0.5803255, -22.0, 3.0, 39.0
0.6355989, -19.0, 3.0, 31.0
0.73383564, -35.0, 2.0, 49.0
0.12701757, -50.0, 2.0, 49.0
0.92297065, -29.0, 2.0, 46.0
0.1935662, -22.0, 5.0, 13.0
0.13824122, -22.0, 4.0, 40.0
0.30408278, -19.0, 2.0, 27.0
0.488284, -20.0, 2.0, 20.0
0.5022721, -19.0, 2.0, 26.0
0.8785509, -19.0, 2.0, 28.0
0.33937716, -23.0, 2.0, 40.0
0.16423391, -19.0, 2.0, 25.0
0.737069, -19.0, 2.0, 29.0
0.18012401, -20.0, 2.0, 34.0
0.4727387, -18.0, 5.0, 31.0
0.8145101, -21.0, 2.0, 17.0
0.12699062, -32.0, 2.0, 48.0
0.69443744, -19.0, 2.0, 24.0
0.8963435, -22.0, 2.0, 15.0
0.9928839, -22.0, 5.0, 41.0
0.41172802, -24.0, 2.0, 12.0
0.5275366, -19.0, 2.0, 30.0
0.26474464, -22.0, 3.0, 14.0
0.38433003, -18.0, 4.0, 29.0
0.11885045, -30.0, 2.0, 47.0
0.22084953, -34.0, 2.0, 49.0
0.25234404, -21.0, 2.0, 37.0
0.6548255, -19.0, 2.0, 23.0
0.9655005, -26.0, 2.0, 44.0
0.456612, -20.0, 2.0, 19.0
0.19739002, -25.0, 2.0, 43.0
0.89271754, -22.0, 2.0, 39.0
0.7913326, -19.0, 2.0, 31.0
0.5267507, -22.0, 4.0, 13.0
0.36475816, -27.0, 2.0, 45.0
0.10677886, -23.0, 2.0, 13.0
0.5632533, -22.0, 3.0, 40.0
0.15192711, -24.0, 2.0, 42.0
0.38418606, -20.0, 2.0, 35.0
0.3095453, -19.0, 2.0, 22.0
0.1575585, -18.0, 4.0, 31.0
0.06654228, -28.0, 2.0, 46.0
0.9762975, -19.0, 2.0, 32.0
0.5592571, -22.0, 4.0, 41.0
0.821356, -21.0, 2.0, 16.0
0.89585733, -22.0, 5.0, 12.0
0.16566515, -31.0, 2.0, 48.0
0.9597024, -23.0, 2.0, 41.0
0.4426963, -33.0, 2.0, 49.0
0.24298391, -18.0, 3.0, 29.0
0.7983256, -20.0, 2.0, 18.0
0.02448716, -22.0, 2.0, 14.0
0.017627189, -19.0, 2.0, 21.0
0.576352, -21.0, 2.0, 38.0
0.3305731, -22.0, 3.0, 13.0
7.331858E-4, -29.0, 2.0, 47.0
0.9924244, -19.0, 2.0, 33.0
0.46236265, -20.0, 2.0, 36.0
0.5365246, -17.0, 5.0, 27.0
0.71693134, -22.0, 5.0, 42.0
0.48054138, -17.0, 5.0, 26.0
0.92328626, -17.0, 5.0, 28.0
0.9938609, -17.0, 5.0, 25.0
0.27065504, -22.0, 2.0, 40.0
0.7063584, -17.0, 5.0, 29.0
0.21706685, -18.0, 3.0, 31.0
0.9503136, -22.0, 4.0, 12.0
0.40406466, -17.0, 5.0, 24.0
0.4116025, -19.0, 2.0, 20.0
0.13354611, -22.0, 3.0, 41.0
0.44788194, -18.0, 2.0, 27.0
0.72861004, -23.0, 2.0, 12.0
0.37534717, -18.0, 2.0, 26.0
0.9807211, -25.0, 2.0, 44.0
0.38742623, -18.0, 2.0, 28.0
0.055065364, -21.0, 2.0, 15.0
0.64478993, -32.0, 2.0, 49.0
0.7950023, -26.0, 2.0, 45.0
0.553201, -20.0, 2.0, 17.0
0.96100754, -18.0, 2.0, 25.0
0.5515459, -19.0, 2.0, 34.0
0.9510385, -24.0, 2.0, 43.0
0.48505265, -18.0, 2.0, 29.0
0.38507378, -30.0, 2.0, 48.0
0.0969838, -17.0, 5.0, 23.0
0.26952967, -17.0, 5.0, 31.0
0.48542154, -18.0, 2.0, 24.0
0.47581398, -27.0, 2.0, 46.0
0.83017, -17.0, 4.0, 27.0
0.92554617, -22.0, 4.0, 42.0
0.9789534, -17.0, 4.0, 26.0
0.14267656, -17.0, 4.0, 28.0
0.91327524, -20.0, 2.0, 37.0
0.9452287, -18.0, 2.0, 30.0
0.90443695, -21.0, 2.0, 39.0
0.7576456, -23.0, 2.0, 42.0
0.67183816, -22.0, 2.0, 13.0
0.8453412, -17.0, 4.0, 25.0
0.81195027, -17.0, 4.0, 29.0
0.23827222, -19.0, 2.0, 19.0
0.5610683, -17.0, 5.0, 22.0
0.018003939, -18.0, 2.0, 23.0
0.86251265, -17.0, 4.0, 24.0
0.30632055, -17.0, 5.0, 32.0
0.14441007, -18.0, 2.0, 31.0
0.7920317, -28.0, 2.0, 47.0
0.9832007, -22.0, 3.0, 12.0
0.060974244, -19.0, 2.0, 35.0
0.37687975, -22.0, 2.0, 41.0
0.71265763, -22.0, 5.0, 43.0
0.017604947, -17.0, 4.0, 23.0
0.13152722, -18.0, 2.0, 22.0
0.21322444, -20.0, 2.0, 16.0
0.47302118, -17.0, 5.0, 21.0
0.8296628, -31.0, 2.0, 49.0
0.581708, -17.0, 4.0, 31.0
0.31974265, -21.0, 2.0, 14.0
0.103653185, -18.0, 2.0, 32.0
0.96832293, -17.0, 3.0, 27.0
0.4262639, -17.0, 5.0, 33.0
0.45864472, -22.0, 3.0, 42.0
0.4802905, -17.0, 3.0, 26.0
0.6811555, -17.0, 3.0, 28.0
0.090157874, -19.0, 2.0, 18.0
0.93512017, -29.0, 2.0, 48.0
0.94570524, -20.0, 2.0, 38.0
0.7769395, -17.0, 3.0, 25.0
0.39170724, -17.0, 4.0, 22.0
0.34981802, -17.0, 3.0, 29.0
0.85783523, -18.0, 2.0, 21.0
0.08042231, -17.0, 4.0, 32.0
0.6632206, -21.0, 2.0, 40.0
0.78323615, -17.0, 3.0, 24.0
0.1743531, -19.0, 2.0, 36.0
0.99685854, -25.0, 2.0, 45.0
0.43616477, -17.0, 5.0, 20.0
0.45355344, -24.0, 2.0, 44.0
0.76291394, -18.0, 2.0, 33.0
0.009603022, -22.0, 4.0, 43.0
0.71262133, -26.0, 2.0, 46.0
0.83572835, -22.0, 2.0, 12.0
0.9866728, -17.0, 5.0, 34.0
0.7709429, -23.0, 2.0, 43.0
0.22076829, -17.0, 4.0, 21.0
0.2072267, -17.0, 3.0, 23.0
0.25626358, -17.0, 3.0, 31.0
0.8145205, -20.0, 2.0, 15.0
0.2093485, -17.0, 4.0, 33.0
0.5945303, -18.0, 2.0, 20.0
0.66228503, -27.0, 2.0, 47.0
0.8171117, -30.0, 2.0, 49.0
0.2745644, -19.0, 2.0, 17.0
0.13461645, -17.0, 2.0, 27.0
0.50643843, -22.0, 2.0, 42.0
0.7681888, -17.0, 2.0, 26.0
0.43256363, -17.0, 2.0, 28.0
0.9368891, -17.0, 3.0, 22.0
0.53481454, -18.0, 2.0, 34.0
0.3676108, -17.0, 5.0, 19.0
0.1516579, -17.0, 2.0, 25.0
0.6335793, -21.0, 2.0, 13.0
0.9434291, -20.0, 2.0, 39.0
0.46494848, -17.0, 2.0, 29.0
0.34064284, -17.0, 4.0, 20.0
0.94042414, -17.0, 3.0, 32.0
0.7739571, -22.0, 5.0, 44.0
0.3783647, -19.0, 2.0, 37.0
0.35306492, -17.0, 5.0, 35.0
0.71446943, -17.0, 2.0, 24.0
0.14671728, -28.0, 2.0, 48.0
0.4866361, -17.0, 4.0, 34.0
0.9120056, -22.0, 3.0, 43.0
0.19213395, -17.0, 2.0, 30.0
0.88831145, -18.0, 2.0, 19.0
0.5748147, -17.0, 3.0, 21.0
0.48593187, -21.0, 2.0, 41.0
0.31820875, -17.0, 2.0, 23.0
0.50292283, -17.0, 3.0, 33.0
0.032192986, -18.0, 2.0, 35.0
0.053387478, -17.0, 2.0, 31.0
0.33525664, -17.0, 5.0, 18.0
0.10913075, -19.0, 2.0, 16.0
0.15065022, -17.0, 4.0, 19.0
0.38277587, -20.0, 2.0, 14.0
0.09291459, -24.0, 2.0, 45.0
0.91819954, -17.0, 2.0, 22.0
0.45212066, -22.0, 4.0, 44.0
0.92321306, -25.0, 2.0, 46.0
0.85789114, -29.0, 2.0, 49.0
0.06515145, -17.0, 5.0, 36.0
0.1858399, -17.0, 3.0, 20.0
0.15340407, -17.0, 4.0, 35.0
0.7579907, -23.0, 2.0, 44.0
0.1205355, -17.0, 2.0, 32.0
0.87918866, -19.0, 2.0, 38.0
0.76772505, -18.0, 2.0, 18.0
0.37728447, -26.0, 2.0, 47.0
0.40865442, -17.0, 3.0, 34.0
0.10036757, -20.0, 2.0, 40.0
0.3921669, -22.0, 2.0, 43.0
0.43458772, -21.0, 2.0, 12.0
0.33711472, -17.0, 2.0, 21.0
0.39680085, -18.0, 2.0, 36.0
0.6175262, -17.0, 4.0, 18.0
0.923692, -17.0, 5.0, 17.0
0.30291578, -17.0, 2.0, 33.0
0.71008044, -27.0, 2.0, 48.0
0.013202298, -17.0, 3.0, 19.0
0.5713395, -22.0, 5.0, 45.0
0.3818957, -19.0, 2.0, 15.0
0.43642682, -17.0, 4.0, 36.0
0.44218963, -21.0, 2.0, 42.0
0.9777166, -22.0, 3.0, 44.0
0.93120277, -17.0, 5.0, 37.0
0.7010555, -17.0, 3.0, 35.0
0.4363269, -17.0, 2.0, 20.0
0.34428182, -18.0, 2.0, 17.0
0.4385639, -20.0, 2.0, 13.0
0.34550455, -19.0, 2.0, 39.0
0.61059505, -17.0, 2.0, 34.0
0.26503327, -16.0, 2.0, 27.0
0.43747157, -28.0, 2.0, 49.0
0.5888897, -16.0, 2.0, 26.0
0.09623033, -16.0, 2.0, 28.0
0.6598593, -18.0, 2.0, 37.0
0.07401384, -17.0, 4.0, 17.0
0.31722027, -16.0, 2.0, 25.0
0.75464535, -17.0, 3.0, 18.0
0.562405, -16.0, 2.0, 29.0
0.9589226, -20.0, 2.0, 41.0
0.47932127, -17.0, 5.0, 16.0
0.49762914, -22.0, 4.0, 45.0
0.13992687, -16.0, 2.0, 24.0
0.26751706, -24.0, 2.0, 46.0
0.12357229, -23.0, 2.0, 45.0
0.3840216, -17.0, 2.0, 19.0
0.018896328, -17.0, 4.0, 37.0
0.66057074, -16.0, 2.0, 30.0
0.19658746, -17.0, 3.0, 36.0
0.2890364, -25.0, 2.0, 47.0
0.71765226, -17.0, 5.0, 38.0
0.49073276, -22.0, 2.0, 44.0
0.3431245, -16.0, 2.0, 23.0
0.84963137, -19.0, 2.0, 14.0
0.74619144, -17.0, 2.0, 35.0
0.9319848, -18.0, 2.0, 16.0
0.59592557, -16.0, 2.0, 31.0
0.077803046, -26.0, 2.0, 48.0
0.72322565, -21.0, 2.0, 43.0
0.12371655, -17.0, 3.0, 17.0
0.024856336, -18.0, 2.0, 38.0
0.50340754, -16.0, 2.0, 22.0
0.68192184, -17.0, 4.0, 16.0
0.15635505, -19.0, 2.0, 40.0
0.12662332, -20.0, 2.0, 12.0
0.9590879, -17.0, 2.0, 18.0
0.58828247, -22.0, 5.0, 46.0
0.74208426, -22.0, 3.0, 45.0
0.979515, -16.0, 2.0, 32.0
0.15211314, -17.0, 5.0, 15.0
0.97991085, -17.0, 3.0, 37.0
0.71204245, -27.0, 2.0, 49.0
0.9620244, -17.0, 4.0, 38.0
0.98141176, -17.0, 2.0, 36.0
0.5479461, -16.0, 2.0, 21.0
0.06048691, -20.0, 2.0, 42.0
0.13987635, -17.0, 5.0, 39.0
0.15280889, -18.0, 2.0, 15.0
0.43124112, -16.0, 2.0, 33.0
0.11676771, -19.0, 2.0, 13.0
0.26289633, -17.0, 3.0, 16.0
0.021452315, -22.0, 4.0, 46.0
0.96939635, -17.0, 2.0, 17.0
0.56755227, -23.0, 2.0, 46.0
0.68132097, -17.0, 4.0, 15.0
0.7476398, -18.0, 2.0, 39.0
0.67005056, -16.0, 2.0, 20.0
0.47459558, -24.0, 2.0, 47.0
0.39056623, -22.0, 2.0, 45.0
0.79073626, -17.0, 3.0, 38.0
0.18586984, -19.0, 2.0, 41.0
0.13745105, -16.0, 2.0, 34.0
0.8441311, -17.0, 2.0, 37.0
0.4855964, -25.0, 2.0, 48.0
0.16796397, -17.0, 5.0, 14.0
0.63587075, -15.0, 2.0, 27.0
0.13623068, -17.0, 4.0, 39.0
0.9468842, -15.0, 2.0, 26.0
0.9649993, -21.0, 2.0, 44.0
0.1532418, -15.0, 2.0, 28.0
0.64891523, -15.0, 2.0, 25.0
0.8289079, -15.0, 2.0, 29.0
0.27106607, -16.0, 2.0, 19.0
0.73026174, -17.0, 5.0, 40.0
0.28284645, -15.0, 2.0, 24.0
0.5320656, -26.0, 2.0, 49.0
0.9903968, -18.0, 2.0, 14.0
0.9271526, -22.0, 3.0, 46.0
0.9465664, -15.0, 2.0, 30.0
0.2917225, -17.0, 2.0, 16.0
0.78332216, -22.0, 5.0, 47.0
0.98306894, -20.0, 2.0, 43.0
0.06600788, -17.0, 3.0, 15.0
0.21131878, -16.0, 2.0, 35.0
0.9853886, -15.0, 2.0, 23.0
0.45295447, -19.0, 2.0, 12.0
0.49416023, -17.0, 4.0, 14.0
0.7087316, -15.0, 2.0, 31.0
0.85035294, -18.0, 2.0, 40.0
0.97495306, -17.0, 2.0, 38.0
0.35021734, -17.0, 3.0, 39.0
0.033393536, -15.0, 2.0, 22.0
0.35780627, -16.0, 2.0, 18.0
0.7755841, -17.0, 5.0, 13.0
0.9981995, -17.0, 4.0, 40.0
0.4813944, -19.0, 2.0, 42.0
0.14746952, -15.0, 2.0, 32.0
0.75524014, -22.0, 4.0, 47.0
0.5869551, -16.0, 2.0, 36.0
0.6867715, -23.0, 2.0, 47.0
0.49474227, -22.0, 2.0, 46.0
0.51317024, -15.0, 2.0, 21.0
0.3166107, -17.0, 2.0, 15.0
0.89941853, -24.0, 2.0, 48.0
0.62587494, -17.0, 5.0, 41.0
0.46895963, -18.0, 2.0, 13.0
0.8709545, -21.0, 2.0, 45.0
0.47352126, -17.0, 3.0, 14.0
0.08617406, -15.0, 2.0, 33.0
0.31662232, -25.0, 2.0, 49.0
0.26089963, -17.0, 2.0, 39.0
0.8851535, -16.0, 2.0, 17.0
0.32093847, -17.0, 4.0, 13.0
0.40777144, -18.0, 2.0, 41.0
0.6610896, -20.0, 2.0, 44.0
0.47364402, -17.0, 3.0, 40.0
0.10636485, -15.0, 2.0, 20.0
0.30193534, -22.0, 3.0, 47.0
0.6898719, -16.0, 2.0, 37.0
0.75855255, -15.0, 2.0, 34.0
0.97644866, -22.0, 5.0, 48.0
0.64493865, -17.0, 4.0, 41.0
0.9822797, -17.0, 5.0, 12.0
0.6225664, -14.0, 2.0, 27.0
0.33194613, -14.0, 2.0, 26.0
0.740369, -14.0, 2.0, 28.0
0.8363246, -19.0, 2.0, 43.0
0.87036055, -17.0, 2.0, 14.0
0.48875225, -14.0, 2.0, 25.0
0.6645017, -14.0, 2.0, 29.0
0.17481975, -15.0, 2.0, 19.0
0.6744363, -16.0, 2.0, 16.0
0.5255887, -17.0, 3.0, 13.0
0.5416564, -14.0, 2.0, 24.0
0.05811503, -18.0, 2.0, 12.0
0.20118223, -17.0, 5.0, 42.0
0.42468387, -14.0, 2.0, 30.0
0.6448106, -15.0, 2.0, 35.0
0.50753975, -17.0, 2.0, 40.0
0.2738783, -14.0, 2.0, 23.0
0.6641682, -22.0, 4.0, 48.0
0.31539837, -16.0, 2.0, 38.0
0.4550139, -22.0, 2.0, 47.0
0.27408835, -17.0, 4.0, 12.0
0.117194, -23.0, 2.0, 48.0
0.30657092, -17.0, 3.0, 41.0
0.22120208, -14.0, 2.0, 31.0
0.60886496, -21.0, 2.0, 46.0
0.8403318, -18.0, 2.0, 42.0
0.045800902, -15.0, 2.0, 18.0
0.04274779, -24.0, 2.0, 49.0
0.978416, -14.0, 2.0, 22.0
0.09258068, -20.0, 2.0, 45.0
0.48556092, -17.0, 4.0, 42.0
0.8185415, -14.0, 2.0, 32.0
0.36735964, -15.0, 2.0, 36.0
0.7163717, -17.0, 2.0, 13.0
0.6649104, -16.0, 2.0, 15.0
0.42563808, -14.0, 2.0, 21.0
0.15241894, -22.0, 3.0, 48.0
0.8332316, -19.0, 2.0, 44.0
0.84017473, -17.0, 3.0, 12.0
0.66735446, -14.0, 2.0, 33.0
0.97038805, -16.0, 2.0, 39.0
0.65931225, -17.0, 2.0, 41.0
0.05950398, -17.0, 5.0, 43.0
0.15924229, -22.0, 5.0, 49.0
0.02242351, -15.0, 2.0, 17.0
0.12978265, -17.0, 3.0, 42.0
0.3539485, -14.0, 2.0, 20.0
0.2330438, -15.0, 2.0, 37.0
0.3041941, -18.0, 2.0, 43.0
0.93611634, -14.0, 2.0, 34.0
0.29679093, -16.0, 2.0, 14.0
0.24440408, -22.0, 2.0, 48.0
0.8461485, -21.0, 2.0, 47.0
0.5265991, -17.0, 4.0, 43.0
0.5432261, -17.0, 2.0, 12.0
0.50702584, -13.0, 2.0, 27.0
0.42413604, -22.0, 4.0, 49.0
0.5979182, -13.0, 2.0, 26.0
0.10408122, -13.0, 2.0, 28.0
0.44411832, -23.0, 2.0, 49.0
0.3578426, -14.0, 2.0, 19.0
0.6144861, -15.0, 2.0, 16.0
0.53011996, -13.0, 2.0, 25.0
0.44740474, -20.0, 2.0, 46.0
0.95298046, -13.0, 2.0, 29.0
0.93218803, -16.0, 2.0, 40.0
0.88757765, -13.0, 2.0, 24.0
0.36461714, -14.0, 2.0, 35.0
0.86289775, -13.0, 2.0, 30.0
0.17453419, -17.0, 2.0, 42.0
0.39092323, -15.0, 2.0, 38.0
0.49832198, -19.0, 2.0, 45.0
0.1462487, -13.0, 2.0, 23.0
0.6117348, -17.0, 5.0, 44.0
0.8254479, -13.0, 2.0, 31.0
0.49208352, -17.0, 3.0, 43.0
0.07959351, -14.0, 2.0, 18.0
0.42700613, -22.0, 3.0, 49.0
0.4401306, -13.0, 2.0, 22.0
0.50438577, -16.0, 2.0, 13.0
0.847273, -18.0, 2.0, 44.0
0.9194541, -15.0, 2.0, 15.0
0.82033235, -14.0, 2.0, 36.0
0.6263987, -13.0, 2.0, 32.0
0.07562893, -16.0, 2.0, 41.0
0.889172, -17.0, 4.0, 44.0
0.36022276, -13.0, 2.0, 21.0
0.58658767, -15.0, 2.0, 39.0
0.80461866, -13.0, 2.0, 33.0
0.67772675, -14.0, 2.0, 17.0
0.34644443, -21.0, 2.0, 48.0
0.4033293, -17.0, 2.0, 43.0
0.8970986, -22.0, 2.0, 49.0
0.59599805, -20.0, 2.0, 47.0
0.3373713, -14.0, 2.0, 37.0
0.79611194, -13.0, 2.0, 20.0
0.074527726, -19.0, 2.0, 46.0
0.7613741, -15.0, 2.0, 14.0
0.47641945, -17.0, 5.0, 45.0
0.84656084, -13.0, 2.0, 34.0
0.7375687, -16.0, 2.0, 12.0
0.6875953, -17.0, 3.0, 44.0
0.61322045, -14.0, 2.0, 16.0
0.61244476, -15.0, 2.0, 40.0
0.4810412, -12.0, 2.0, 27.0
0.3230776, -18.0, 2.0, 45.0
0.6230681, -12.0, 2.0, 26.0
0.1409834, -13.0, 2.0, 19.0
0.7449088, -12.0, 2.0, 28.0
0.61733586, -16.0, 2.0, 42.0
0.11290171, -12.0, 2.0, 25.0
0.60218835, -12.0, 2.0, 29.0
0.35645548, -13.0, 2.0, 35.0
0.11016701, -14.0, 2.0, 38.0
0.781191, -12.0, 2.0, 24.0
0.06863651, -17.0, 4.0, 45.0
0.8135375, -12.0, 2.0, 30.0
0.4845406, -12.0, 2.0, 23.0
0.059437398, -17.0, 2.0, 44.0
0.8049872, -15.0, 2.0, 13.0
0.034769893, -12.0, 2.0, 31.0
0.5016852, -13.0, 2.0, 18.0
0.30461082, -14.0, 2.0, 15.0
0.7987184, -12.0, 2.0, 22.0
0.95973563, -21.0, 2.0, 49.0
0.24564682, -13.0, 2.0, 36.0
0.73468995, -20.0, 2.0, 48.0
0.6629727, -12.0, 2.0, 32.0
0.82078075, -15.0, 2.0, 41.0
0.14463478, -17.0, 5.0, 46.0
0.50357753, -17.0, 3.0, 45.0
0.9730667, -19.0, 2.0, 47.0
0.12768544, -14.0, 2.0, 39.0
0.8077607, -16.0, 2.0, 43.0
0.7970126, -12.0, 2.0, 21.0
0.56013143, -13.0, 2.0, 17.0
0.407479, -18.0, 2.0, 46.0
0.31831312, -12.0, 2.0, 33.0
0.59770364, -13.0, 2.0, 37.0
0.27851668, -15.0, 2.0, 12.0
0.52389055, -17.0, 4.0, 46.0
0.25850165, -12.0, 2.0, 20.0
0.81575817, -14.0, 2.0, 14.0
0.28800455, -17.0, 2.0, 45.0
0.964407, -12.0, 2.0, 34.0
0.4056421, -14.0, 2.0, 40.0
0.8095856, -15.0, 2.0, 42.0
0.947543, -13.0, 2.0, 16.0
0.82763386, -12.0, 2.0, 19.0
0.73604375, -11.0, 2.0, 27.0
0.9328019, -11.0, 2.0, 26.0
0.0041237175, -11.0, 2.0, 28.0
0.36963168, -13.0, 2.0, 38.0
0.10039858, -11.0, 2.0, 25.0
0.6342669, -17.0, 3.0, 46.0
0.8785916, -11.0, 2.0, 29.0
0.8751293, -12.0, 2.0, 35.0
0.6932619, -16.0, 2.0, 44.0
0.81123465, -17.0, 5.0, 47.0
0.49959022, -20.0, 2.0, 49.0
0.30798846, -11.0, 2.0, 24.0
0.22925225, -19.0, 2.0, 48.0
0.56970096, -11.0, 2.0, 30.0
0.3175074, -14.0, 2.0, 13.0
0.66502345, -11.0, 2.0, 23.0
0.5598879, -18.0, 2.0, 47.0
0.281383, -12.0, 2.0, 18.0
0.8422033, -11.0, 2.0, 31.0
0.20825486, -13.0, 2.0, 15.0
0.31751654, -14.0, 2.0, 41.0
0.84336704, -12.0, 2.0, 36.0
0.29146484, -11.0, 2.0, 22.0
0.7829036, -17.0, 4.0, 47.0
0.056582917, -15.0, 2.0, 43.0
0.344312, -17.0, 2.0, 46.0
0.7115444, -13.0, 2.0, 39.0
0.2419074, -11.0, 2.0, 32.0
0.27751946, -11.0, 2.0, 21.0
0.9201989, -12.0, 2.0, 17.0
0.23680714, -11.0, 2.0, 33.0
0.5924687, -14.0, 2.0, 12.0
0.664833, -16.0, 2.0, 45.0
0.44296712, -12.0, 2.0, 37.0
0.99242234, -13.0, 2.0, 14.0
0.85611993, -17.0, 3.0, 47.0
0.84850013, -11.0, 2.0, 20.0
0.8269795, -17.0, 5.0, 48.0
0.5122, -14.0, 2.0, 42.0
0.7910184, -11.0, 2.0, 34.0
0.0065732803, -13.0, 2.0, 40.0
0.16111173, -19.0, 2.0, 49.0
0.44308782, -12.0, 2.0, 16.0
0.5636586, -18.0, 2.0, 48.0
0.6669374, -15.0, 2.0, 44.0
0.57835996, -11.0, 2.0, 19.0
0.7385071, -12.0, 2.0, 38.0
0.17691836, -10.0, 2.0, 27.0
0.13744782, -10.0, 2.0, 26.0
0.7602162, -17.0, 4.0, 48.0
0.50462115, -17.0, 2.0, 47.0
0.9623301, -10.0, 2.0, 28.0
0.0962172, -11.0, 2.0, 35.0
0.23965798, -10.0, 2.0, 25.0
0.1567926, -10.0, 2.0, 29.0
0.7266956, -13.0, 2.0, 13.0
0.007610525, -10.0, 2.0, 24.0
0.21445486, -10.0, 2.0, 30.0
0.56790125, -16.0, 2.0, 46.0
0.2066395, -11.0, 2.0, 18.0
0.19454391, -12.0, 2.0, 15.0
0.41159233, -10.0, 2.0, 23.0
0.44585752, -13.0, 2.0, 41.0
0.32942253, -10.0, 2.0, 31.0
0.5939741, -14.0, 2.0, 43.0
0.6539672, -11.0, 2.0, 36.0
0.2645609, -17.0, 3.0, 48.0
0.4043136, -12.0, 2.0, 39.0
0.45000324, -10.0, 2.0, 22.0
0.17210974, -17.0, 5.0, 49.0
0.69071615, -10.0, 2.0, 32.0
0.7760441, -15.0, 2.0, 45.0
0.457813, -11.0, 2.0, 17.0
0.3765392, -10.0, 2.0, 21.0
0.5983356, -13.0, 2.0, 12.0
0.6603466, -18.0, 2.0, 49.0
0.16168182, -10.0, 2.0, 33.0
0.7604603, -12.0, 2.0, 14.0
0.4434183, -11.0, 2.0, 37.0
0.8513055, -17.0, 2.0, 48.0
0.73162645, -17.0, 4.0, 49.0
0.8378619, -13.0, 2.0, 42.0
0.98321146, -10.0, 2.0, 20.0
0.7412235, -12.0, 2.0, 40.0
0.59575033, -14.0, 2.0, 44.0
0.5386775, -10.0, 2.0, 34.0
0.06762452, -16.0, 2.0, 47.0
0.6259359, -11.0, 2.0, 16.0
0.7891682, -11.0, 2.0, 38.0
0.28052223, -10.0, 2.0, 19.0
0.50477856, -17.0, 3.0, 49.0
0.5819785, -12.0, 2.0, 13.0
0.29541638, -9.0, 2.0, 27.0
0.015619381, -9.0, 2.0, 26.0
0.8083395, -10.0, 2.0, 35.0
0.2967451, -9.0, 2.0, 28.0
0.10254869, -15.0, 2.0, 46.0
0.9118835, -9.0, 2.0, 25.0
0.97119635, -9.0, 2.0, 29.0
0.108743586, -9.0, 2.0, 24.0
0.17365284, -12.0, 2.0, 41.0
0.9687271, -13.0, 2.0, 43.0
0.27821067, -11.0, 2.0, 15.0
0.17228869, -9.0, 2.0, 30.0
0.040316824, -10.0, 2.0, 18.0
0.7910109, -9.0, 2.0, 23.0
0.570177, -9.0, 2.0, 31.0
0.09944468, -10.0, 2.0, 36.0
0.2676088, -11.0, 2.0, 39.0
0.94865704, -17.0, 2.0, 49.0
0.3017981, -14.0, 2.0, 45.0
0.65175855, -9.0, 2.0, 22.0
0.6104263, -9.0, 2.0, 32.0
0.8347991, -12.0, 2.0, 12.0
0.19839323, -16.0, 2.0, 48.0
0.055300456, -10.0, 2.0, 17.0
0.2836086, -9.0, 2.0, 21.0
0.7019421, -11.0, 2.0, 14.0
0.3092215, -10.0, 2.0, 37.0
0.2947546, -9.0, 2.0, 33.0
0.401994, -12.0, 2.0, 42.0
0.60345733, -15.0, 2.0, 47.0
0.7797163, -13.0, 2.0, 44.0
0.30578098, -11.0, 2.0, 40.0
0.3116457, -9.0, 2.0, 20.0
0.29684016, -10.0, 2.0, 16.0
0.7205912, -9.0, 2.0, 34.0
0.3295941, -14.0, 2.0, 46.0
0.22975557, -10.0, 2.0, 38.0
0.77550876, -9.0, 2.0, 19.0
0.13869134, -11.0, 2.0, 13.0
0.819682, -9.0, 2.0, 35.0
0.3382771, -8.0, 2.0, 27.0
0.9875237, -8.0, 2.0, 26.0
0.012628971, -8.0, 2.0, 28.0
0.19781502, -12.0, 2.0, 43.0
0.2351257, -11.0, 2.0, 41.0
0.4724606, -8.0, 2.0, 25.0
0.24565527, -16.0, 2.0, 49.0
0.44497102, -8.0, 2.0, 29.0
0.43682534, -10.0, 2.0, 15.0
0.10176867, -8.0, 2.0, 24.0
0.408885, -9.0, 2.0, 18.0
0.98252916, -8.0, 2.0, 30.0
0.4477681, -13.0, 2.0, 45.0
0.84330034, -10.0, 2.0, 39.0
0.8999045, -15.0, 2.0, 48.0
0.550062, -8.0, 2.0, 23.0
0.76379347, -9.0, 2.0, 36.0
0.48729783, -8.0, 2.0, 31.0
0.38495746, -11.0, 2.0, 12.0
0.8182819, -8.0, 2.0, 22.0
0.061582197, -8.0, 2.0, 32.0
0.56897527, -9.0, 2.0, 17.0
0.16731766, -14.0, 2.0, 47.0
0.289174, -10.0, 2.0, 14.0
0.74039984, -11.0, 2.0, 42.0
0.30193526, -8.0, 2.0, 21.0
0.43012053, -12.0, 2.0, 44.0
0.63007456, -9.0, 2.0, 37.0
0.9290126, -8.0, 2.0, 33.0
0.19701111, -10.0, 2.0, 40.0
0.13884082, -8.0, 2.0, 20.0
0.96443105, -13.0, 2.0, 46.0
0.048138827, -9.0, 2.0, 16.0
0.18272798, -8.0, 2.0, 34.0
0.7567675, -9.0, 2.0, 38.0
0.79920524, -10.0, 2.0, 13.0
0.027587384, -15.0, 2.0, 49.0
0.46642584, -8.0, 2.0, 19.0
0.82624, -11.0, 2.0, 43.0
0.20735869, -8.0, 2.0, 35.0
0.31727353, -10.0, 2.0, 41.0
0.0791914, -7.0, 2.0, 27.0
0.89907527, -12.0, 2.0, 45.0
0.60358536, -14.0, 2.0, 48.0
0.90259206, -7.0, 2.0, 26.0
0.033095367, -7.0, 2.0, 28.0
0.26152873, -9.0, 2.0, 15.0
0.9524338, -7.0, 2.0, 25.0
0.637167, -7.0, 2.0, 29.0
0.28583428, -8.0, 2.0, 18.0
0.39229575, -7.0, 2.0, 24.0
0.53018683, -7.0, 2.0, 30.0
0.3397845, -9.0, 2.0, 39.0
0.25572723, -8.0, 2.0, 36.0
0.11647548, -7.0, 2.0, 23.0
0.4253439, -10.0, 2.0, 12.0
0.26735783, -13.0, 2.0, 47.0
0.45911983, -7.0, 2.0, 31.0
0.9740814, -7.0, 2.0, 22.0
0.80727756, -10.0, 2.0, 42.0
0.77205795, -8.0, 2.0, 17.0
0.95259815, -9.0, 2.0, 14.0
0.40859863, -7.0, 2.0, 32.0
0.6186123, -11.0, 2.0, 44.0
0.17828715, -8.0, 2.0, 37.0
0.65401906, -7.0, 2.0, 21.0
0.99925077, -9.0, 2.0, 40.0
0.75410014, -12.0, 2.0, 46.0
0.17395802, -7.0, 2.0, 33.0
0.2892122, -14.0, 2.0, 49.0
0.11005398, -7.0, 2.0, 20.0
0.9772448, -8.0, 2.0, 16.0
0.3005821, -7.0, 2.0, 34.0
0.6653129, -9.0, 2.0, 13.0
0.009399766, -8.0, 2.0, 38.0
0.7956512, -10.0, 2.0, 43.0
0.44795984, -13.0, 2.0, 48.0
0.20703557, -7.0, 2.0, 19.0
0.7258217, -11.0, 2.0, 45.0
0.26705548, -9.0, 2.0, 41.0
0.61180323, -7.0, 2.0, 35.0
0.2087986, -8.0, 2.0, 15.0
0.6487658, -6.0, 2.0, 27.0
0.24021657, -6.0, 2.0, 26.0
0.5564118, -6.0, 2.0, 28.0
0.053464253, -6.0, 2.0, 25.0
0.15759884, -6.0, 2.0, 29.0
0.8483258, -12.0, 2.0, 47.0
0.4395611, -7.0, 2.0, 18.0
0.72755766, -8.0, 2.0, 39.0
0.36775056, -6.0, 2.0, 24.0
0.16731963, -9.0, 2.0, 12.0
0.90305203, -6.0, 2.0, 30.0
0.32318097, -7.0, 2.0, 36.0
0.41980395, -6.0, 2.0, 23.0
0.82745546, -6.0, 2.0, 31.0
0.60990906, -10.0, 2.0, 44.0
0.8584408, -9.0, 2.0, 42.0
0.6055073, -8.0, 2.0, 14.0
0.02373795, -6.0, 2.0, 22.0
0.71800363, -7.0, 2.0, 17.0
0.67105734, -6.0, 2.0, 32.0
0.024099313, -11.0, 2.0, 46.0
0.80925953, -13.0, 2.0, 49.0
0.31991813, -7.0, 2.0, 37.0
0.8439266, -8.0, 2.0, 40.0
0.39300016, -6.0, 2.0, 21.0
0.77524537, -6.0, 2.0, 33.0
0.4501558, -7.0, 2.0, 16.0
0.6067578, -12.0, 2.0, 48.0
0.09883767, -6.0, 2.0, 20.0
0.22256935, -8.0, 2.0, 13.0
0.86334, -6.0, 2.0, 34.0
0.4245097, -9.0, 2.0, 43.0
0.5679398, -7.0, 2.0, 38.0
0.71173525, -10.0, 2.0, 45.0
0.4208357, -8.0, 2.0, 41.0
0.5312015, -6.0, 2.0, 19.0
0.55983967, -6.0, 2.0, 35.0
0.44179228, -11.0, 2.0, 47.0
0.5882651, -7.0, 2.0, 15.0
0.99677527, -5.0, 2.0, 27.0
0.043003943, -5.0, 2.0, 26.0
0.2533816, -5.0, 2.0, 28.0
0.24267858, -7.0, 2.0, 39.0
0.02503825, -5.0, 2.0, 25.0
0.89890796, -6.0, 2.0, 18.0
0.17708778, -8.0, 2.0, 12.0
0.71568096, -5.0, 2.0, 29.0
0.07231563, -5.0, 2.0, 24.0
0.81874686, -5.0, 2.0, 30.0
0.35549358, -6.0, 2.0, 36.0
0.75760174, -9.0, 2.0, 44.0
0.54929495, -8.0, 2.0, 42.0
0.40648434, -5.0, 2.0, 23.0
0.85581523, -12.0, 2.0, 49.0
0.8978383, -5.0, 2.0, 31.0
0.3226456, -10.0, 2.0, 46.0
0.68260574, -7.0, 2.0, 14.0
0.3597206, -6.0, 2.0, 17.0
0.4977887, -5.0, 2.0, 22.0
0.96834856, -5.0, 2.0, 32.0
0.8948564, -7.0, 2.0, 40.0
0.9679097, -6.0, 2.0, 37.0
0.64533025, -5.0, 2.0, 21.0
0.74527216, -11.0, 2.0, 48.0
0.7854089, -5.0, 2.0, 33.0
0.38926333, -6.0, 2.0, 16.0
0.92359, -7.0, 2.0, 13.0
0.55538225, -8.0, 2.0, 43.0
0.23831935, -9.0, 2.0, 45.0
0.5978426, -5.0, 2.0, 20.0
0.0017908468, -6.0, 2.0, 38.0
0.7360759, -5.0, 2.0, 34.0
0.5367933, -7.0, 2.0, 41.0
0.63574773, -10.0, 2.0, 47.0
0.94224674, -5.0, 2.0, 19.0
0.3904803, -6.0, 2.0, 15.0
0.29670036, -5.0, 2.0, 35.0
0.6158229, -7.0, 2.0, 12.0
0.09512017, -6.0, 2.0, 39.0
0.103158884, -4.0, 2.0, 27.0
0.5109365, -4.0, 2.0, 26.0
0.13541764, -4.0, 2.0, 28.0
0.4613429, -5.0, 2.0, 18.0
0.3115189, -11.0, 2.0, 49.0
0.038650073, -8.0, 2.0, 44.0
0.25089532, -4.0, 2.0, 25.0
0.44414088, -4.0, 2.0, 29.0
0.3073168, -9.0, 2.0, 46.0
0.30401, -4.0, 2.0, 24.0
0.88230246, -5.0, 2.0, 36.0
0.9808932, -7.0, 2.0, 42.0
0.82800806, -4.0, 2.0, 30.0
0.9311092, -6.0, 2.0, 14.0
0.01859167, -4.0, 2.0, 23.0
0.14959358, -4.0, 2.0, 31.0
0.46429053, -5.0, 2.0, 17.0
0.5347603, -10.0, 2.0, 48.0
0.37601632, -4.0, 2.0, 22.0
0.47797242, -6.0, 2.0, 40.0
0.658042, -4.0, 2.0, 32.0
0.91135514, -5.0, 2.0, 37.0
0.22579172, -4.0, 2.0, 21.0
0.34837654, -4.0, 2.0, 33.0
0.8939537, -8.0, 2.0, 45.0
0.42962292, -7.0, 2.0, 43.0
0.9518448, -5.0, 2.0, 16.0
0.087792195, -6.0, 2.0, 13.0
0.79851323, -4.0, 2.0, 20.0
0.50803596, -9.0, 2.0, 47.0
0.5254499, -5.0, 2.0, 38.0
0.55993664, -6.0, 2.0, 41.0
0.25159264, -4.0, 2.0, 34.0
0.6837773, -4.0, 2.0, 19.0
0.4907755, -5.0, 2.0, 15.0
0.33513227, -10.0, 2.0, 49.0
0.2887473, -4.0, 2.0, 35.0
0.9275967, -6.0, 2.0, 12.0
0.24384364, -5.0, 2.0, 39.0
0.8037169, -7.0, 2.0, 44.0
0.526435, -8.0, 2.0, 46.0
0.539547, -4.0, 2.0, 18.0
0.35712865, -3.0, 2.0, 27.0
0.92003155, -3.0, 2.0, 26.0
0.07771421, -3.0, 2.0, 28.0
0.17250592, -6.0, 2.0, 42.0
0.4530006, -3.0, 2.0, 25.0
0.616568, -3.0, 2.0, 29.0
0.44258302, -4.0, 2.0, 36.0
0.2735532, -3.0, 2.0, 24.0
0.6614441, -3.0, 2.0, 30.0
0.31164595, -9.0, 2.0, 48.0
0.6549725, -5.0, 2.0, 14.0
0.50768685, -3.0, 2.0, 23.0
0.010959506, -3.0, 2.0, 31.0
0.34902906, -4.0, 2.0, 17.0
0.04750755, -5.0, 2.0, 40.0
0.53402585, -3.0, 2.0, 22.0
0.19628105, -4.0, 2.0, 37.0
0.654179, -3.0, 2.0, 32.0
0.35550278, -7.0, 2.0, 45.0
0.84156114, -6.0, 2.0, 43.0
0.042522334, -3.0, 2.0, 21.0
0.3693843, -8.0, 2.0, 47.0
0.52325994, -5.0, 2.0, 13.0
0.21968098, -3.0, 2.0, 33.0
0.6425863, -4.0, 2.0, 16.0
0.73879117, -3.0, 2.0, 20.0
0.4985866, -4.0, 2.0, 38.0
0.83811027, -5.0, 2.0, 41.0
0.58315325, -3.0, 2.0, 34.0
0.0544019, -9.0, 2.0, 49.0
0.50555694, -3.0, 2.0, 19.0
0.8415682, -4.0, 2.0, 15.0
0.8942878, -5.0, 2.0, 12.0
0.045394927, -3.0, 2.0, 35.0
0.7708867, -6.0, 2.0, 44.0
0.8263613, -7.0, 2.0, 46.0
0.3586808, -4.0, 2.0, 39.0
0.6956614, -5.0, 2.0, 42.0
0.44589594, -3.0, 2.0, 18.0
0.5592959, -8.0, 2.0, 48.0
0.59876996, -2.0, 2.0, 27.0
0.108240634, -2.0, 2.0, 26.0
0.5138858, -2.0, 2.0, 28.0
0.82370335, -2.0, 2.0, 25.0
0.9234596, -3.0, 2.0, 36.0
0.70037556, -2.0, 2.0, 29.0
0.8018555, -4.0, 2.0, 14.0
0.33304086, -2.0, 2.0, 24.0
0.26088542, -2.0, 2.0, 30.0
0.709201, -2.0, 2.0, 23.0
0.8258386, -4.0, 2.0, 40.0
0.2394407, -3.0, 2.0, 17.0
0.6296476, -2.0, 2.0, 31.0
0.7156128, -6.0, 2.0, 45.0
0.090738736, -2.0, 2.0, 22.0
0.8827465, -3.0, 2.0, 37.0
0.508162, -2.0, 2.0, 32.0
0.65265876, -7.0, 2.0, 47.0
0.6383954, -5.0, 2.0, 43.0
0.07498918, -4.0, 2.0, 13.0
0.15025562, -2.0, 2.0, 21.0
0.5548276, -3.0, 2.0, 16.0
0.09171529, -2.0, 2.0, 33.0
0.39591852, -8.0, 2.0, 49.0
0.36485893, -4.0, 2.0, 41.0
0.12590522, -3.0, 2.0, 38.0
0.17805119, -2.0, 2.0, 20.0
0.6871216, -2.0, 2.0, 34.0
0.5286248, -6.0, 2.0, 46.0
0.055603188, -3.0, 2.0, 15.0
0.7316175, -5.0, 2.0, 44.0
0.17542216, -2.0, 2.0, 19.0
0.63252944, -4.0, 2.0, 12.0
0.898955, -2.0, 2.0, 35.0
0.47257832, -3.0, 2.0, 39.0
0.43066916, -7.0, 2.0, 48.0
0.97698855, -4.0, 2.0, 42.0
0.24751502, -2.0, 2.0, 18.0
0.4395484, -1.0, 2.0, 27.0
0.66868865, -1.0, 2.0, 26.0
0.72474647, -1.0, 2.0, 28.0
0.8676834, -2.0, 2.0, 36.0
0.81259835, -3.0, 2.0, 14.0
0.747084, -1.0, 2.0, 25.0
0.89677566, -1.0, 2.0, 29.0
0.45901912, -1.0, 2.0, 24.0
0.0054561067, -1.0, 2.0, 30.0
0.5697365, -3.0, 2.0, 40.0
0.55364674, -5.0, 2.0, 45.0
0.69419324, -2.0, 2.0, 17.0
0.32844907, -1.0, 2.0, 23.0
0.51527065, -6.0, 2.0, 47.0
0.8433097, -1.0, 2.0, 31.0
0.2422731, -2.0, 2.0, 37.0
0.22783269, -4.0, 2.0, 43.0
0.93541366, -1.0, 2.0, 22.0
0.31594995, -1.0, 2.0, 32.0
0.5483165, -3.0, 2.0, 13.0
0.09250313, -7.0, 2.0, 49.0
0.7310912, -1.0, 2.0, 21.0
0.40756217, -2.0, 2.0, 16.0
0.24479558, -1.0, 2.0, 33.0
0.88569206, -3.0, 2.0, 41.0
0.5072676, -2.0, 2.0, 38.0
0.2761097, -1.0, 2.0, 20.0
0.20415759, -1.0, 2.0, 34.0
0.407095, -5.0, 2.0, 46.0
0.831951, -4.0, 2.0, 44.0
0.2376149, -2.0, 2.0, 15.0
0.40686983, -3.0, 2.0, 12.0
0.8199843, -6.0, 2.0, 48.0
0.6804487, -1.0, 2.0, 19.0
0.8942516, -2.0, 2.0, 39.0
0.99558455, -1.0, 2.0, 35.0
0.18821141, -3.0, 2.0, 42.0
0.2328719, -1.0, 2.0, 18.0
0.67248815, -2.0, 2.0, 14.0
0.113598816, 0.0, 2.0, 27.0
0.15960215, -1.0, 2.0, 36.0
0.8110538, 0.0, 2.0, 26.0
0.8965554, 0.0, 2.0, 28.0
0.384574, 0.0, 2.0, 25.0
0.605103, 0.0, 2.0, 29.0
0.8904576, -4.0, 2.0, 45.0
0.7109909, -5.0, 2.0, 47.0
0.18051696, -2.0, 2.0, 40.0
0.9771361, 0.0, 2.0, 24.0
0.803316, 0.0, 2.0, 30.0
0.13573729, -1.0, 2.0, 17.0
0.14631657, 0.0, 2.0, 23.0
0.38597208, -3.0, 2.0, 43.0
0.9611589, 0.0, 2.0, 31.0
0.28824902, -6.0, 2.0, 49.0
0.8016655, -1.0, 2.0, 37.0
0.90953404, 0.0, 2.0, 22.0
0.1680465, -2.0, 2.0, 13.0
0.33928835, 0.0, 2.0, 32.0
0.4249887, -1.0, 2.0, 16.0
0.44989315, 0.0, 2.0, 21.0
0.8702444, -2.0, 2.0, 41.0
0.08256823, 0.0, 2.0, 33.0
0.83903736, -1.0, 2.0, 38.0
0.5288224, -4.0, 2.0, 46.0
0.99373555, 0.0, 2.0, 20.0
0.09312583, -5.0, 2.0, 48.0
0.16409709, -3.0, 2.0, 44.0
0.77512336, 0.0, 2.0, 34.0
0.35788307, -2.0, 2.0, 12.0
0.32528764, -1.0, 2.0, 15.0
0.082297966, 0.0, 2.0, 19.0
0.49804413, -1.0, 2.0, 39.0
0.5217183, -2.0, 2.0, 42.0
0.65831304, 0.0, 2.0, 35.0
0.6653025, 0.0, 2.0, 18.0
0.6639576, -1.0, 2.0, 14.0
0.31874472, -4.0, 2.0, 47.0
0.33628023, 0.0, 2.0, 36.0
0.35768828, -3.0, 2.0, 45.0
0.7975704, 1.0, 2.0, 27.0
0.26681155, 1.0, 2.0, 26.0
0.46850458, 1.0, 2.0, 28.0
0.27962852, 1.0, 2.0, 25.0
0.8142856, -1.0, 2.0, 40.0
0.5015248, 1.0, 2.0, 29.0
0.7577566, -5.0, 2.0, 49.0
0.6150159, 1.0, 2.0, 24.0
0.556942, -2.0, 2.0, 43.0
0.8748283, 1.0, 2.0, 30.0
0.40577263, 0.0, 2.0, 17.0
0.4849617, 1.0, 2.0, 23.0
0.8580068, 1.0, 2.0, 31.0
0.3848001, 0.0, 2.0, 37.0
0.70902824, -1.0, 2.0, 13.0
0.37164137, 1.0, 2.0, 22.0
0.27739704, 1.0, 2.0, 32.0
0.15837568, -1.0, 2.0, 41.0
0.2024712, 0.0, 2.0, 16.0
0.85374993, 1.0, 2.0, 21.0
0.27645978, -3.0, 2.0, 46.0
0.7956207, 1.0, 2.0, 33.0
0.3348865, -4.0, 2.0, 48.0
0.14236443, 0.0, 2.0, 38.0
0.48024052, -2.0, 2.0, 44.0
0.0023430565, 1.0, 2.0, 20.0
0.56679386, -1.0, 2.0, 12.0
0.6648045, 1.0, 2.0, 34.0
0.85302144, 0.0, 2.0, 15.0
0.08724553, -1.0, 2.0, 42.0
0.47025332, 1.0, 2.0, 19.0
0.73411846, 0.0, 2.0, 39.0
0.06621289, 1.0, 2.0, 35.0
0.08048625, -3.0, 2.0, 47.0
0.8796819, 1.0, 2.0, 18.0
0.16311228, -2.0, 2.0, 45.0
0.07303325, 0.0, 2.0, 14.0
0.9424269, -4.0, 2.0, 49.0
0.39376065, 1.0, 2.0, 36.0
0.5343777, 0.0, 2.0, 40.0
0.9210129, 2.0, 2.0, 27.0
0.57451403, 2.0, 2.0, 26.0
0.5607384, 2.0, 2.0, 28.0
0.72156477, 2.0, 2.0, 25.0
0.13121052, -1.0, 2.0, 43.0
0.118650876, 2.0, 2.0, 29.0
0.8929138, 2.0, 2.0, 24.0
0.17218389, 1.0, 2.0, 17.0
0.55213183, 2.0, 2.0, 30.0
0.33708376, 2.0, 2.0, 23.0
0.45080557, 1.0, 2.0, 37.0
0.40850955, 0.0, 2.0, 13.0
0.45669046, 2.0, 2.0, 31.0
0.701739, 2.0, 2.0, 22.0
0.11349601, 2.0, 2.0, 32.0
0.18069965, 0.0, 2.0, 41.0
0.79215515, -2.0, 2.0, 46.0
0.1901113, -3.0, 2.0, 48.0
0.8088602, 1.0, 2.0, 16.0
0.7150311, 2.0, 2.0, 21.0
0.91587603, 1.0, 2.0, 38.0
0.68421865, -1.0, 2.0, 44.0
0.91586953, 2.0, 2.0, 33.0
0.5401929, 0.0, 2.0, 12.0
0.8536871, 2.0, 2.0, 20.0
0.2998027, 2.0, 2.0, 34.0
0.7708847, 1.0, 2.0, 15.0
0.44586635, 0.0, 2.0, 42.0
0.10323101, 1.0, 2.0, 39.0
0.9348674, 2.0, 2.0, 19.0
0.71083033, 2.0, 2.0, 35.0
0.23036063, -2.0, 2.0, 47.0
0.2710558, -3.0, 2.0, 49.0
0.81981313, -1.0, 2.0, 45.0
0.36836928, 1.0, 2.0, 14.0
0.027862484, 2.0, 2.0, 18.0
0.38018358, 2.0, 2.0, 36.0
0.87583786, 1.0, 2.0, 40.0
0.997672, 0.0, 2.0, 43.0
0.1708965, 3.0, 2.0, 27.0
0.5139537, 3.0, 2.0, 26.0
0.24393947, 3.0, 2.0, 28.0
0.4541019, 3.0, 2.0, 25.0
0.7398817, 3.0, 2.0, 29.0
0.57229334, 2.0, 2.0, 17.0
0.43376973, 3.0, 2.0, 24.0
0.077115506, 3.0, 2.0, 30.0
0.17921002, 1.0, 2.0, 13.0
0.308171, 2.0, 2.0, 37.0
0.15975267, 3.0, 2.0, 23.0
0.13290171, 3.0, 2.0, 31.0
0.6180605, -2.0, 2.0, 48.0
0.4848395, -1.0, 2.0, 46.0
0.08129439, 1.0, 2.0, 41.0
0.6617609, 3.0, 2.0, 22.0
0.8242023, 3.0, 2.0, 32.0
0.9485769, 2.0, 2.0, 16.0
0.34457672, 0.0, 2.0, 44.0
0.5449531, 3.0, 2.0, 21.0
0.040329088, 2.0, 2.0, 38.0
0.646985, 3.0, 2.0, 33.0
0.0353392, 1.0, 2.0, 12.0
0.35671735, 3.0, 2.0, 20.0
0.30500558, 2.0, 2.0, 15.0
0.13950633, 3.0, 2.0, 34.0
0.39521974, 1.0, 2.0, 42.0
0.0993957, 2.0, 2.0, 39.0
0.2440972, -1.0, 2.0, 47.0
0.944674, 3.0, 2.0, 19.0
0.92863727, -2.0, 2.0, 49.0
0.23306717, 0.0, 2.0, 45.0
0.733592, 3.0, 2.0, 35.0
0.14770707, 2.0, 2.0, 14.0
0.33286387, 3.0, 2.0, 18.0
0.50582707, 2.0, 2.0, 40.0
0.28101283, 1.0, 2.0, 43.0
0.05241871, 3.0, 2.0, 36.0
0.52084893, 4.0, 2.0, 27.0
0.9668214, 4.0, 2.0, 26.0
0.4501586, 4.0, 2.0, 28.0
0.30300468, 4.0, 2.0, 25.0
0.87452, 3.0, 2.0, 17.0
0.20137428, 4.0, 2.0, 29.0
0.16269973, 4.0, 2.0, 24.0
0.82413083, -1.0, 2.0, 48.0
0.26570144, 2.0, 2.0, 13.0
0.2660215, 4.0, 2.0, 30.0
0.25019443, 3.0, 2.0, 37.0
0.13184066, 0.0, 2.0, 46.0
0.31245384, 4.0, 2.0, 23.0
0.02099067, 4.0, 2.0, 31.0
0.20138048, 2.0, 2.0, 41.0
0.053155474, 4.0, 2.0, 22.0
0.8005529, 1.0, 2.0, 44.0
0.558645, 3.0, 2.0, 16.0
0.65213567, 4.0, 2.0, 32.0
0.6588405, 3.0, 2.0, 38.0
0.19298941, 4.0, 2.0, 21.0
0.20863384, 2.0, 2.0, 12.0
0.7992908, 4.0, 2.0, 33.0
0.26166272, 4.0, 2.0, 20.0
0.6747868, 3.0, 2.0, 15.0
0.16397007, 2.0, 2.0, 42.0
0.58451587, 0.0, 2.0, 47.0
0.6615677, 4.0, 2.0, 34.0
0.2360961, -1.0, 2.0, 49.0
0.11698113, 3.0, 2.0, 39.0
0.19079177, 1.0, 2.0, 45.0
0.4295531, 4.0, 2.0, 19.0
0.8834432, 4.0, 2.0, 35.0
0.42005605, 3.0, 2.0, 14.0
0.12151657, 4.0, 2.0, 18.0
0.9136201, 2.0, 2.0, 43.0
0.18716575, 3.0, 2.0, 40.0
0.19333923, 4.0, 2.0, 36.0
0.89108586, 0.0, 2.0, 48.0
0.82303375, 5.0, 2.0, 27.0
0.022493262, 5.0, 2.0, 26.0
0.489996, 5.0, 2.0, 28.0
0.14582552, 4.0, 2.0, 17.0
0.7012251, 5.0, 2.0, 25.0
0.54238594, 1.0, 2.0, 46.0
0.09940371, 5.0, 2.0, 29.0
0.8554436, 3.0, 2.0, 13.0
0.33302134, 5.0, 2.0, 24.0
0.132163, 4.0, 2.0, 37.0
0.81959724, 5.0, 2.0, 30.0
0.0677081, 5.0, 2.0, 23.0
0.14848873, 3.0, 2.0, 41.0
0.33911565, 5.0, 2.0, 31.0
0.06252487, 2.0, 2.0, 44.0
0.60284615, 4.0, 2.0, 16.0
0.9835274, 5.0, 2.0, 22.0
0.54471236, 5.0, 2.0, 32.0
0.46914688, 4.0, 2.0, 38.0
0.9791981, 3.0, 2.0, 12.0
0.13645682, 5.0, 2.0, 21.0
0.45266986, 5.0, 2.0, 33.0
0.8061363, 0.0, 2.0, 49.0
0.8079513, 1.0, 2.0, 47.0
0.52018344, 3.0, 2.0, 42.0
0.3030765, 4.0, 2.0, 15.0
0.79191726, 5.0, 2.0, 20.0
0.8723148, 5.0, 2.0, 34.0
0.8511429, 4.0, 2.0, 39.0
0.09091859, 2.0, 2.0, 45.0
0.65700233, 5.0, 2.0, 19.0
0.11528794, 5.0, 2.0, 35.0
0.23906104, 4.0, 2.0, 14.0
0.9667748, 3.0, 2.0, 43.0
0.18206914, 5.0, 2.0, 18.0
0.800212, 4.0, 2.0, 40.0
0.2456796, 5.0, 2.0, 36.0
0.42810762, 1.0, 2.0, 48.0
0.6769401, 2.0, 2.0, 46.0
0.17958617, 6.0, 2.0, 27.0
0.4659437, 5.0, 2.0, 17.0
0.87149453, 6.0, 2.0, 26.0
0.86460775, 4.0, 2.0, 13.0
0.11016538, 6.0, 2.0, 28.0
0.9517501, 6.0, 2.0, 25.0
0.5693065, 6.0, 2.0, 29.0
0.9166739, 5.0, 2.0, 37.0
0.1861486, 6.0, 2.0, 24.0
0.34620675, 6.0, 2.0, 30.0
0.1587546, 4.0, 2.0, 41.0
0.95004815, 3.0, 2.0, 44.0
0.12730442, 6.0, 2.0, 23.0
0.42545542, 6.0, 2.0, 31.0
0.28689, 5.0, 2.0, 16.0
0.13947614, 6.0, 2.0, 22.0
0.35516953, 6.0, 2.0, 32.0
0.85546124, 5.0, 2.0, 38.0
0.14205667, 4.0, 2.0, 12.0
0.22644685, 1.0, 2.0, 49.0
0.9179955, 6.0, 2.0, 21.0
0.36277404, 2.0, 2.0, 47.0
0.22046003, 6.0, 2.0, 33.0
0.6122528, 4.0, 2.0, 42.0
0.1839082, 5.0, 2.0, 15.0
0.19111831, 6.0, 2.0, 20.0
0.82592905, 3.0, 2.0, 45.0
0.41145477, 6.0, 2.0, 34.0
0.011781962, 5.0, 2.0, 39.0
0.66977006, 6.0, 2.0, 19.0
0.48161316, 6.0, 2.0, 35.0
0.81172866, 5.0, 2.0, 14.0
0.4306223, 4.0, 2.0, 43.0
0.95503026, 2.0, 2.0, 48.0
0.6442697, 5.0, 2.0, 40.0
0.8370489, 6.0, 2.0, 18.0
0.2107872, 6.0, 2.0, 36.0
0.5227063, 3.0, 2.0, 46.0
0.854961, 5.0, 2.0, 13.0
0.14338909, 6.0, 2.0, 17.0
0.09416782, 7.0, 2.0, 27.0
0.7873645, 7.0, 2.0, 26.0
0.7343953, 7.0, 2.0, 28.0
0.7895981, 7.0, 2.0, 25.0
0.8654881, 7.0, 2.0, 29.0
0.30321798, 6.0, 2.0, 37.0
0.03680909, 5.0, 2.0, 41.0
0.02083432, 4.0, 2.0, 44.0
0.8931718, 7.0, 2.0, 24.0
0.3618664, 7.0, 2.0, 30.0
0.31320193, 7.0, 2.0, 23.0
0.97792006, 7.0, 2.0, 31.0
0.2457638, 6.0, 2.0, 16.0
0.44370434, 2.0, 2.0, 49.0
0.60290086, 7.0, 2.0, 22.0
0.9032025, 5.0, 2.0, 12.0
0.9986839, 7.0, 2.0, 32.0
0.90266836, 6.0, 2.0, 38.0
0.9718433, 3.0, 2.0, 47.0
0.8519847, 7.0, 2.0, 21.0
0.8861267, 5.0, 2.0, 42.0
0.4680932, 7.0, 2.0, 33.0
0.64663255, 6.0, 2.0, 15.0
0.13831787, 4.0, 2.0, 45.0
0.024213778, 7.0, 2.0, 20.0
0.63279927, 6.0, 2.0, 39.0
0.9553343, 7.0, 2.0, 34.0
0.7449209, 7.0, 2.0, 19.0
0.034041904, 6.0, 2.0, 14.0
0.7631357, 7.0, 2.0, 35.0
0.27914587, 5.0, 2.0, 43.0
0.7092207, 3.0, 2.0, 48.0
0.5270591, 6.0, 2.0, 40.0
0.8145533, 7.0, 2.0, 18.0
0.74348426, 4.0, 2.0, 46.0
0.060983483, 7.0, 2.0, 36.0
0.58024144, 6.0, 2.0, 13.0
0.8653867, 7.0, 2.0, 17.0
0.43270397, 8.0, 2.0, 27.0
0.23173396, 8.0, 2.0, 26.0
0.52483183, 5.0, 2.0, 44.0
0.2918715, 8.0, 2.0, 28.0
0.49956742, 6.0, 2.0, 41.0
0.9821345, 8.0, 2.0, 25.0
0.099939056, 7.0, 2.0, 37.0
0.29902825, 8.0, 2.0, 29.0
0.65875787, 8.0, 2.0, 24.0
0.80072474, 8.0, 2.0, 30.0
0.78108877, 3.0, 2.0, 49.0
0.6948949, 8.0, 2.0, 23.0
0.20313627, 7.0, 2.0, 16.0
0.41589782, 8.0, 2.0, 31.0
0.8838523, 4.0, 2.0, 47.0
0.24969022, 6.0, 2.0, 12.0
0.8621086, 8.0, 2.0, 22.0
0.53271526, 7.0, 2.0, 38.0
0.8639718, 8.0, 2.0, 32.0
0.7168436, 6.0, 2.0, 42.0
0.5333846, 8.0, 2.0, 21.0
0.1571411, 5.0, 2.0, 45.0
0.08793795, 8.0, 2.0, 33.0
0.6094273, 7.0, 2.0, 15.0
0.16257203, 8.0, 2.0, 20.0
0.9025001, 7.0, 2.0, 39.0
0.23176484, 8.0, 2.0, 34.0
0.12337912, 4.0, 2.0, 48.0
0.8194655, 8.0, 2.0, 19.0
0.48644274, 6.0, 2.0, 43.0
0.38074726, 7.0, 2.0, 14.0
0.17800564, 8.0, 2.0, 35.0
0.3255523, 7.0, 2.0, 40.0
0.22142665, 5.0, 2.0, 46.0
0.8492736, 8.0, 2.0, 18.0
0.40460566, 8.0, 2.0, 36.0
0.62417185, 7.0, 2.0, 13.0
0.6776992, 8.0, 2.0, 17.0
0.71730673, 6.0, 2.0, 44.0
0.055658, 7.0, 2.0, 41.0
0.45293027, 9.0, 2.0, 27.0
0.8549939, 9.0, 2.0, 26.0
0.088934526, 9.0, 2.0, 28.0
0.22986697, 8.0, 2.0, 37.0
0.77738416, 4.0, 2.0, 49.0
0.13762939, 9.0, 2.0, 25.0
0.11843124, 9.0, 2.0, 29.0
0.51246136, 9.0, 2.0, 24.0
0.87567306, 9.0, 2.0, 30.0
0.027426152, 5.0, 2.0, 47.0
0.9205585, 9.0, 2.0, 23.0
0.115494736, 8.0, 2.0, 16.0
0.92569345, 9.0, 2.0, 31.0
0.1498325, 7.0, 2.0, 12.0
0.5843756, 8.0, 2.0, 38.0
0.86949503, 9.0, 2.0, 22.0
0.43957117, 9.0, 2.0, 32.0
0.3108789, 7.0, 2.0, 42.0
0.6436165, 6.0, 2.0, 45.0
0.96566504, 9.0, 2.0, 21.0
0.9146041, 8.0, 2.0, 15.0
0.44605505, 9.0, 2.0, 33.0
0.52173054, 8.0, 2.0, 39.0
0.17693456, 9.0, 2.0, 20.0
0.62550914, 9.0, 2.0, 34.0
0.14693142, 5.0, 2.0, 48.0
0.6659729, 7.0, 2.0, 43.0
0.39651883, 9.0, 2.0, 19.0
0.569724, 8.0, 2.0, 14.0
0.077323586, 9.0, 2.0, 35.0
0.31246975, 6.0, 2.0, 46.0
0.72423774, 8.0, 2.0, 40.0
0.19567627, 9.0, 2.0, 18.0
0.9980236, 9.0, 2.0, 36.0
0.08297255, 8.0, 2.0, 13.0
0.0037027502, 7.0, 2.0, 44.0
0.6933474, 5.0, 2.0, 49.0
0.3075998, 9.0, 2.0, 17.0
0.904054, 8.0, 2.0, 41.0
0.6675796, 9.0, 2.0, 37.0
0.3071234, 10.0, 2.0, 27.0
0.97649306, 10.0, 2.0, 26.0
0.060788486, 10.0, 2.0, 28.0
0.98348695, 6.0, 2.0, 47.0
0.34283713, 10.0, 2.0, 25.0
0.5026133, 10.0, 2.0, 29.0
0.54949844, 10.0, 2.0, 24.0
0.30969182, 10.0, 2.0, 30.0
0.28407228, 9.0, 2.0, 16.0
0.04886808, 8.0, 2.0, 12.0
0.27793583, 10.0, 2.0, 23.0
0.7676154, 10.0, 2.0, 31.0
0.70721257, 9.0, 2.0, 38.0
0.23652934, 10.0, 2.0, 22.0
0.07631, 8.0, 2.0, 42.0
0.8172631, 7.0, 2.0, 45.0
0.4903836, 10.0, 2.0, 32.0
0.16307382, 10.0, 2.0, 21.0
0.9288586, 9.0, 2.0, 15.0
0.5820456, 10.0, 2.0, 33.0
0.14834943, 9.0, 2.0, 39.0
0.08910684, 6.0, 2.0, 48.0
0.31320024, 10.0, 2.0, 20.0
0.41105744, 10.0, 2.0, 34.0
0.9935898, 8.0, 2.0, 43.0
0.89620674, 9.0, 2.0, 14.0
0.04349534, 10.0, 2.0, 19.0
0.08973376, 7.0, 2.0, 46.0
0.22319733, 10.0, 2.0, 35.0
0.8560038, 9.0, 2.0, 40.0
0.5534803, 10.0, 2.0, 18.0
0.31390488, 10.0, 2.0, 36.0
0.96189934, 9.0, 2.0, 13.0
0.4705344, 6.0, 2.0, 49.0
0.12673047, 8.0, 2.0, 44.0
0.5276213, 10.0, 2.0, 17.0
0.7534219, 9.0, 2.0, 41.0
0.14488576, 7.0, 2.0, 47.0
0.18404485, 10.0, 2.0, 37.0
0.9917233, 9.0, 2.0, 12.0
0.98557824, 10.0, 2.0, 16.0
0.23537683, 8.0, 2.0, 45.0
0.3716365, 10.0, 2.0, 38.0
0.9979798, 9.0, 2.0, 42.0
0.25887758, 10.0, 2.0, 15.0
0.5799934, 7.0, 2.0, 48.0
0.8588496, 10.0, 2.0, 39.0
0.4727251, 9.0, 2.0, 43.0
0.76411515, 8.0, 2.0, 46.0
0.96252507, 10.0, 2.0, 14.0
0.9504145, 10.0, 2.0, 40.0
0.82426953, 7.0, 2.0, 49.0
0.32131672, 9.0, 2.0, 44.0
0.08782659, 10.0, 2.0, 13.0
0.84579086, 10.0, 2.0, 41.0
0.77996707, 8.0, 2.0, 47.0
0.8505769, 10.0, 2.0, 12.0
0.55285376, 9.0, 2.0, 45.0
0.13693818, 10.0, 2.0, 42.0
0.1316688, 8.0, 2.0, 48.0
0.69474256, 10.0, 2.0, 43.0
0.9865996, 9.0, 2.0, 46.0
0.4258913, 8.0, 2.0, 49.0
0.76239806, 10.0, 2.0, 44.0
0.39455947, 9.0, 2.0, 47.0
0.001783888, 10.0, 2.0, 45.0
0.26480877, 9.0, 2.0, 48.0
0.062429816, 10.0, 2.0, 46.0
0.2288106, 9.0, 2.0, 49.0
0.8521253, 10.0, 2.0, 47.0
0.47369978, 10.0, 2.0, 48.0
0.85956216, 10.0, 2.0, 49.0
0.075142294, -201.0, 0.0, 37.0
0.72125185, -202.0, 0.0, 29.0
0.77482575, -268.0, 0.0, 39.0
0.2862174, -320.0, 0.0, 40.0
0.92168635, 818.0, 0.0, -76.0
0.38278306, 818.0, 0.0, -77.0
0.59781015, 818.0, 0.0, -81.0
