0.58511204, -28.0, 2.0, 32.0
0.6652505, -28.0, 2.0, 33.0
0.565841, -29.0, 2.0, 32.0
0.8557808, -29.0, 2.0, 33.0
0.715587, -27.0, 2.0, 32.0
0.66876435, -27.0, 2.0, 33.0
0.7362282, -28.0, 2.0, 31.0
0.47040656, -28.0, 2.0, 34.0
0.7642906, -29.0, 2.0, 31.0
0.9188322, -29.0, 2.0, 34.0
0.16073224, -22.0, 5.0, 32.0
0.4324806, -27.0, 2.0, 31.0
0.5867582, -22.0, 5.0, 33.0
0.5236556, -22.1, 4.9, 31.4
0.06049768, -27.0, 2.0, 34.0
0.22474045, -30.0, 2.0, 32.0
0.81053513, -30.0, 2.0, 33.0
0.7222576, -26.0, 2.0, 32.0
0.37912938, -26.0, 2.0, 33.0
0.50490487, -22.0, 5.0, 34.0
0.31583923, -30.0, 2.0, 31.0
0.53784895, -28.0, 2.0, 30.0
0.1921694, -30.0, 2.0, 34.0
0.04944609, -26.0, 2.0, 31.0
0.5763622, -28.0, 2.0, 35.0
0.70134485, -26.0, 2.0, 34.0
0.06681628, -29.0, 2.0, 30.0
0.09240581, -27.0, 2.0, 30.0
0.79066056, -29.0, 2.0, 35.0
0.49545342, -27.0, 2.0, 35.0
0.7442309, -31.0, 2.0, 32.0
0.35860085, -31.0, 2.0, 33.0
0.56368774, -22.0, 5.0, 35.0
0.7254198, -25.0, 2.0, 32.0
0.3615013, -30.0, 2.0, 30.0
0.28685573, -25.0, 2.0, 33.0
0.008371393, -30.0, 2.0, 35.0
0.109427184, -26.0, 2.0, 30.0
0.05631382, -31.0, 2.0, 31.0
0.16643612, -26.0, 2.0, 35.0
0.5287401, -21.6, 4.8, 31.4
0.9998158, -31.0, 2.0, 34.0
0.2046057, -25.0, 2.0, 31.0
0.16864803, -25.0, 2.0, 34.0
0.21895756, -28.0, 2.0, 29.0
0.49569955, -28.0, 2.0, 36.0
0.7299502, -22.0, 4.0, 32.0
0.5456055, -22.0, 4.0, 33.0
0.7667211, -29.0, 2.0, 29.0
0.68821967, -27.0, 2.0, 29.0
0.89315194, -29.0, 2.0, 36.0
0.58945894, -27.0, 2.0, 36.0
0.9848355, -22.0, 3.9, 31.4
0.9915924, -31.0, 2.0, 30.0
0.7215071, -22.1, 4.9, 29.1
0.29791626, -22.0, 4.0, 34.0
0.61137235, -31.0, 2.0, 35.0
0.2562698, -25.0, 2.0, 30.0
0.76940876, -32.0, 2.0, 32.0
0.07567565, -22.0, 5.0, 36.0
0.8166793, -30.0, 2.0, 29.0
0.634947, -32.0, 2.0, 33.0
0.21545576, -25.0, 2.0, 35.0
0.21643086, -30.0, 2.0, 36.0
0.93460214, -26.0, 2.0, 29.0
0.9778138, -24.0, 2.0, 32.0
0.39594832, -26.0, 2.0, 36.0
0.35639694, -24.0, 2.0, 33.0
0.295637, -32.0, 2.0, 31.0
0.8703628, -32.0, 2.0, 34.0
0.75063133, -24.0, 2.0, 31.0
0.56784356, -22.0, 4.0, 35.0
0.6813299, -24.0, 2.0, 34.0
0.2952297, -28.0, 2.0, 28.0
0.8137727, -31.0, 2.0, 29.0
0.26991326, -28.0, 2.0, 37.0
0.8420923, -29.0, 2.0, 28.0
0.2989545, -27.0, 2.0, 28.0
0.32213974, -31.0, 2.0, 36.0
0.67403984, -32.0, 2.0, 30.0
0.72470427, -25.0, 2.0, 29.0
0.97521985, -29.0, 2.0, 37.0
0.73116505, -27.0, 2.0, 37.0
0.052571632, -32.0, 2.0, 35.0
0.5411275, -25.0, 2.0, 36.0
0.5380326, -24.0, 2.0, 30.0
0.43156752, -22.0, 5.0, 28.0
0.7217439, -24.0, 2.0, 35.0
0.5768507, -20.7, 4.8, 31.4
0.25148118, -30.0, 2.0, 28.0
0.7409225, -22.0, 5.0, 37.0
0.26393235, -22.0, 3.0, 32.0
0.6848452, -22.0, 3.0, 33.0
0.50711566, -26.0, 2.0, 28.0
0.30815142, -30.0, 2.0, 37.0
0.17916085, -33.0, 2.0, 32.0
0.7403052, -33.0, 2.0, 33.0
0.39565954, -22.0, 4.0, 36.0
0.9136263, -26.0, 2.0, 37.0
0.85212326, -22.0, 3.9, 29.1
0.9417034, -22.0, 2.9, 31.4
0.70667857, -23.0, 2.0, 32.0
0.7735636, -22.0, 3.0, 34.0
0.4485199, -23.0, 2.0, 33.0
0.73529035, -33.0, 2.0, 31.0
0.4079941, -33.0, 2.0, 34.0
0.36460596, -32.0, 2.0, 29.0
0.113298126, -23.0, 2.0, 31.0
0.3130211, -32.0, 2.0, 36.0
0.3060441, -23.0, 2.0, 34.0
0.4729687, -21.0, 5.0, 29.0
0.63342434, -21.0, 3.9, 31.4
0.08799005, -31.0, 2.0, 28.0
0.76905763, -24.0, 2.0, 29.0
0.64225364, -31.0, 2.0, 37.0
0.5491053, -24.0, 2.0, 36.0
0.2868112, -25.0, 2.0, 28.0
0.10682388, -28.0, 2.0, 27.0
0.44500935, -25.0, 2.0, 37.0
0.5499152, -22.0, 3.0, 35.0
0.8149786, -33.0, 2.0, 30.0
0.44399968, -29.0, 2.0, 27.0
0.035344582, -33.0, 2.0, 35.0
0.8760728, -28.0, 2.0, 38.0
0.8490954, -27.0, 2.0, 27.0
0.69831485, -29.0, 2.0, 38.0
0.25337595, -23.0, 2.0, 30.0
0.36015457, -27.0, 2.0, 38.0
0.18896137, -23.0, 2.0, 35.0
0.5806978, -22.0, 4.0, 28.0
0.14702049, -22.0, 5.0, 27.0
0.69081604, -22.0, 4.0, 37.0
0.26285902, -30.0, 2.0, 27.0
0.3712575, -22.0, 5.0, 38.0
0.15261728, -26.0, 2.0, 27.0
0.45763457, -30.0, 2.0, 38.0
0.8209823, -22.0, 3.0, 29.1
0.5932243, -26.0, 2.0, 38.0
0.33309138, -32.0, 2.0, 28.0
0.5449749, -34.0, 2.0, 32.0
0.77480066, -34.0, 2.0, 33.0
0.6063622, -32.0, 2.0, 37.0
0.010848031, -22.0, 3.0, 36.0
0.48281857, -33.0, 2.0, 29.0
0.34425518, -24.0, 2.0, 28.0
0.572034, -33.0, 2.0, 36.0
0.85231286, -22.0, 2.0, 32.0
0.43378586, -34.0, 2.0, 31.0
0.6600339, -22.0, 2.0, 33.0
0.20401, -24.0, 2.0, 37.0
0.96200967, -34.0, 2.0, 34.0
0.59812075, -21.0, 4.0, 29.0
0.23477468, -23.0, 2.0, 29.0
0.21227928, -23.0, 2.0, 36.0
0.8262945, -31.0, 2.0, 27.0
0.9521952, -22.0, 2.0, 31.0
0.2648969, -31.0, 2.0, 38.0
0.37153354, -25.0, 2.0, 27.0
0.010340581, -22.0, 2.0, 34.0
0.40113044, -20.9, 2.9, 31.3
0.5538633, -25.0, 2.0, 38.0
0.70165896, -19.6, 4.8, 31.4
0.356696, -34.0, 2.0, 30.0
0.622421, -34.0, 2.0, 35.0
0.9580258, -28.0, 2.0, 26.0
0.33448556, -22.0, 4.0, 27.0
0.05971211, -29.0, 2.0, 26.0
0.1049871, -28.0, 2.0, 39.0
0.64781076, -27.0, 2.0, 26.0
0.25920713, -22.0, 2.0, 30.0
0.39736712, -22.0, 4.0, 38.0
0.1468682, -20.0, 5.0, 29.0
0.14984912, -22.0, 2.0, 35.0
0.28829953, -22.0, 3.0, 28.0
0.09048651, -29.0, 2.0, 39.0
0.8648126, -27.0, 2.0, 39.0
0.08976181, -33.0, 2.0, 28.0
0.26642808, -22.0, 3.0, 37.0
0.22908762, -22.0, 5.0, 26.0
0.5903041, -33.0, 2.0, 37.0
0.790658, -32.0, 2.0, 27.0
0.75675046, -30.0, 2.0, 26.0
0.45655307, -19.8, 3.9, 31.4
0.3791069, -23.0, 2.0, 28.0
0.39900896, -22.0, 5.0, 39.0
0.18218383, -26.0, 2.0, 26.0
0.63456374, -32.0, 2.0, 38.0
0.7452007, -23.0, 2.0, 37.0
0.007410212, -24.0, 2.0, 27.0
0.67362064, -30.0, 2.0, 39.0
0.5251988, -34.0, 2.0, 29.0
0.14501306, -26.0, 2.0, 39.0
0.32284603, -24.0, 2.0, 38.0
0.6827401, -34.0, 2.0, 36.0
0.12133711, -35.0, 2.0, 32.0
0.18414964, -35.0, 2.0, 33.0
0.78942287, -21.0, 3.0, 29.0
0.7539776, -22.0, 2.0, 36.0
0.13246986, -35.0, 2.0, 31.0
0.9963586, -31.0, 2.0, 26.0
0.7161392, -35.0, 2.0, 34.0
0.71837753, -21.0, 2.0, 32.0
0.79026264, -21.0, 2.0, 33.0
0.753256, -25.0, 2.0, 26.0
0.8831106, -31.0, 2.0, 39.0
0.9714699, -21.0, 2.0, 31.0
0.57667965, -25.0, 2.0, 39.0
0.8033786, -21.0, 2.0, 34.0
0.30377144, -20.0, 4.0, 29.0
0.42797384, -22.0, 3.0, 27.0
0.69721127, -35.0, 2.0, 30.0
0.5104174, -33.0, 2.0, 27.0
0.3059252, -22.0, 4.0, 26.0
0.20804727, -22.0, 3.0, 38.0
0.122720756, -35.0, 2.0, 35.0
0.4630274, -19.9, 2.9, 31.4
0.8611169, -33.0, 2.0, 38.0
0.102963485, -34.0, 2.0, 28.0
0.8056545, -22.0, 4.0, 39.0
0.36239475, -23.0, 2.0, 27.0
0.13965382, -28.0, 2.0, 25.0
0.39251164, -34.0, 2.0, 37.0
0.2398356, -21.0, 2.0, 30.0
0.5587848, -18.7, 4.9, 31.4
0.5977011, -23.0, 2.0, 38.0
0.6420812, -29.0, 2.0, 25.0
0.87778616, -21.0, 2.0, 35.0
0.90458065, -27.0, 2.0, 25.0
0.51323056, -22.0, 2.0, 28.0
0.69430435, -28.0, 2.0, 40.0
0.045503434, -32.0, 2.0, 26.0
0.31886324, -22.0, 2.0, 37.0
0.7792036, -29.0, 2.0, 40.0
0.1882951, -27.0, 2.0, 40.0
0.90183777, -32.0, 2.0, 39.0
0.2173717, -24.0, 2.0, 26.0
0.9352189, -22.0, 5.0, 25.0
0.58893704, -30.0, 2.0, 25.0
0.67809904, -24.0, 2.0, 39.0
0.751722, -35.0, 2.0, 29.0
0.8729591, -22.0, 5.0, 40.0
0.88933647, -26.0, 2.0, 25.0
0.9032449, -35.0, 2.0, 36.0
0.6230514, -19.0, 5.0, 29.0
0.38612068, -30.0, 2.0, 40.0
0.8614715, -26.0, 2.0, 40.0
0.5709796, -18.9, 3.9, 31.4
0.087794855, -21.0, 2.0, 29.0
0.75211346, -21.0, 2.0, 36.0
0.9732314, -36.0, 2.0, 32.0
0.23731913, -36.0, 2.0, 33.0
0.657089, -20.0, 3.0, 29.0
0.8306681, -31.0, 2.0, 25.0
0.8644552, -34.0, 2.0, 27.0
0.8506562, -36.0, 2.0, 31.0
0.9063374, -25.0, 2.0, 25.0
0.74359053, -36.0, 2.0, 34.0
0.5802418, -22.0, 3.0, 26.0
0.7110826, -31.0, 2.0, 40.0
0.75776166, -20.0, 2.0, 32.0
0.060254697, -20.0, 2.0, 33.0
0.5967187, -34.0, 2.0, 38.0
0.3317059, -33.0, 2.0, 26.0
0.5763001, -25.0, 2.0, 40.0
0.5550264, -22.0, 3.0, 39.0
0.042620625, -22.0, 2.0, 27.0
0.13192178, -33.0, 2.0, 39.0
0.42800546, -20.0, 2.0, 31.0
0.025661863, -23.0, 2.0, 26.0
0.41944116, -20.0, 2.0, 34.0
0.831081, -22.0, 2.0, 38.0
0.8901336, -35.0, 2.0, 28.0
0.36582735, -22.0, 4.0, 25.0
0.553589, -35.0, 2.0, 37.0
0.13071628, -23.0, 2.0, 39.0
0.87340117, -36.0, 2.0, 30.0
0.07023693, -36.0, 2.0, 35.0
0.4758896, -22.0, 4.0, 40.0
0.77447116, -19.0, 4.0, 29.0
0.019432498, -21.0, 2.0, 28.0
0.61750716, -21.0, 2.0, 37.0
0.41694018, -32.0, 2.0, 25.0
0.35709864, -20.0, 2.0, 30.0
0.37020248, -17.9, 4.9, 31.4
0.7236793, -28.0, 2.0, 24.0
0.13123965, -20.0, 2.0, 35.0
0.3173754, -32.0, 2.0, 40.0
0.1713234, -24.0, 2.0, 25.0
0.2884609, -29.0, 2.0, 24.0
0.31867763, -27.0, 2.0, 24.0
0.39450222, -28.0, 2.0, 41.0
0.86731094, -18.9, 3.0, 31.4
0.9665906, -24.0, 2.0, 40.0
0.99888265, -29.0, 2.0, 41.0
0.4535396, -27.0, 2.0, 41.0
0.5745043, -22.0, 5.0, 24.0
0.68833077, -36.0, 2.0, 29.0
0.31209275, -30.0, 2.0, 24.0
0.99265254, -36.0, 2.0, 36.0
0.5761057, -26.0, 2.0, 24.0
0.12594528, -22.0, 5.0, 41.0
0.36962545, -30.0, 2.0, 41.0
0.8334159, -34.0, 2.0, 26.0
0.67384076, -20.0, 2.0, 29.0
0.057120357, -26.0, 2.0, 41.0
0.45768905, -35.0, 2.0, 27.0
0.46515885, -20.0, 2.0, 36.0
0.5520333, -34.0, 2.0, 39.0
0.811638, -35.0, 2.0, 38.0
0.11019031, -22.0, 2.0, 26.0
0.26530075, -18.0, 4.0, 31.3
0.6624255, -22.0, 3.0, 25.0
0.50421417, -18.0, 5.0, 29.0
0.3093586, -22.0, 2.0, 39.0
0.34986225, -37.0, 2.0, 32.0
0.5218635, -33.0, 2.0, 25.0
0.5542637, -37.0, 2.0, 33.0
0.34741968, -21.0, 2.0, 27.0
0.12180654, -31.0, 2.0, 24.0
0.73000795, -22.0, 3.0, 40.0
0.07245753, -21.0, 2.0, 38.0
0.68821716, -25.0, 2.0, 24.0
0.67959607, -19.0, 3.0, 29.0
0.46051854, -33.0, 2.0, 40.0
0.054287028, -23.0, 2.0, 25.0
0.5045932, -31.0, 2.0, 41.0
0.124325134, -37.0, 2.0, 31.0
0.6566991, -37.0, 2.0, 34.0
0.9624543, -25.0, 2.0, 41.0
0.43550438, -19.0, 2.0, 32.0
0.46101528, -36.0, 2.0, 28.0
0.671381, -23.0, 2.0, 40.0
0.20275699, -19.0, 2.0, 33.0
0.5062626, -36.0, 2.0, 37.0
0.22813745, -22.0, 4.0, 24.0
0.63085914, -19.0, 2.0, 31.0
0.20223798, -19.0, 2.0, 34.0
0.08595507, -20.0, 2.0, 28.0
0.20915097, -22.0, 4.0, 41.0
0.37398702, -37.0, 2.0, 30.0
0.2837235, -20.0, 2.0, 37.0
0.21801102, -37.0, 2.0, 35.0
0.5808266, -32.0, 2.0, 24.0
0.42007285, -24.0, 2.0, 24.0
0.29747227, -32.0, 2.0, 41.0
0.6530479, -19.0, 2.0, 30.0
0.63534623, -19.0, 2.0, 35.0
0.053011056, -18.0, 4.0, 29.0
0.018511716, -17.0, 5.0, 32.0
0.43754268, -17.0, 5.0, 33.0
0.77665055, -28.0, 2.0, 23.0
0.2741201, -24.0, 2.0, 41.0
0.64733833, -35.0, 2.0, 26.0
0.9675381, -29.0, 2.0, 23.0
0.83622956, -18.0, 3.0, 31.3
0.072448276, -27.0, 2.0, 23.0
0.36201036, -35.0, 2.0, 39.0
0.0035096349, -34.0, 2.0, 25.0
0.87953055, -17.0, 4.8, 31.4
0.18884698, -28.0, 2.0, 42.0
0.7612636, -17.0, 5.0, 34.0
0.26067945, -37.0, 2.0, 29.0
0.58138204, -21.0, 2.0, 26.0
0.3089011, -29.0, 2.0, 42.0
0.21113083, -34.0, 2.0, 40.0
0.8384815, -37.0, 2.0, 36.0
0.93731105, -27.0, 2.0, 42.0
0.40984416, -22.0, 5.0, 23.0
0.56164974, -36.0, 2.0, 27.0
0.93354315, -22.0, 2.0, 25.0
0.54735494, -21.0, 2.0, 39.0
0.80787593, -30.0, 2.0, 23.0
0.4355926, -36.0, 2.0, 38.0
0.99246436, -26.0, 2.0, 23.0
0.9599487, -22.0, 2.0, 40.0
0.3048385, -22.0, 5.0, 42.0
0.30775508, -19.0, 2.0, 29.0
0.70383877, -30.0, 2.0, 42.0
0.59569305, -19.0, 2.0, 36.0
0.7169963, -20.0, 2.0, 27.0
0.8911918, -22.0, 3.0, 24.0
0.0033754862, -17.0, 5.0, 35.0
0.584285, -26.0, 2.0, 42.0
0.9837045, -33.0, 2.0, 24.0
0.92588794, -20.0, 2.0, 38.0
0.571644, -22.0, 3.0, 41.0
0.44262153, -33.0, 2.0, 41.0
3.9053593E-5, -23.0, 2.0, 24.0
0.3257087, -31.0, 2.0, 23.0
0.14087962, -17.0, 4.0, 32.0
0.8980602, -17.0, 4.0, 33.0
0.2950014, -38.0, 2.0, 32.0
0.7810677, -23.0, 2.0, 41.0
0.29544926, -38.0, 2.0, 33.0
0.31805053, -25.0, 2.0, 23.0
0.68569905, -37.0, 2.0, 28.0
0.33761093, -31.0, 2.0, 42.0
0.34999353, -37.0, 2.0, 37.0
0.14582366, -18.0, 3.0, 29.0
0.077942595, -25.0, 2.0, 42.0
0.17530906, -17.0, 4.0, 34.0
0.31992343, -38.0, 2.0, 31.0
0.46155587, -38.0, 2.0, 34.0
0.6549896, -17.0, 5.0, 36.0
0.79770815, -18.0, 2.0, 32.0
0.9608647, -22.0, 4.0, 23.0
0.28939822, -18.0, 2.0, 33.0
0.7987033, -19.0, 2.0, 28.0
0.107685946, -19.0, 2.0, 37.0
0.34680742, -16.9, 4.0, 31.3
0.5529904, -22.0, 4.0, 42.0
0.22118437, -35.0, 2.0, 25.0
0.39391455, -18.0, 2.0, 31.0
0.48113093, -20.0, 0.0, 30.0
0.6455533, -18.0, 2.0, 34.0
0.949973, -36.0, 2.0, 26.0
0.08133201, -38.0, 2.0, 30.0
0.9903409, -17.0, 4.0, 35.0
0.42538327, -35.0, 2.0, 40.0
0.006206471, -32.0, 2.0, 23.0
0.20927568, -38.0, 2.0, 35.0
0.037266005, -36.0, 2.0, 39.0
0.07354403, -21.0, 2.0, 25.0
0.8426584, -24.0, 2.0, 23.0
0.99253285, -32.0, 2.0, 42.0
0.20862924, -34.0, 2.0, 24.0
0.6577831, -21.0, 2.0, 40.0
0.86737233, -20.0, 2.0, 26.0
0.4934156, -18.0, 2.0, 30.0
0.28131953, -24.0, 2.0, 42.0
0.4351723, -17.1, 3.9, 29.0
0.6686442, -34.0, 2.0, 41.0
0.38706714, -18.0, 2.0, 35.0
0.45235685, -20.0, 2.0, 39.0
0.895701, -22.0, 2.0, 24.0
0.8783952, -17.0, 5.0, 28.0
0.03756083, -28.0, 2.0, 22.0
0.829455, -37.0, 2.0, 27.0
0.30002615, -17.0, 5.0, 37.0
0.9635164, -17.0, 3.0, 32.0
0.61895216, -17.0, 3.0, 33.0
0.7222524, -22.0, 2.0, 41.0
0.9968101, -29.0, 2.0, 22.0
0.61855567, -37.0, 2.0, 38.0
0.81329703, -38.0, 2.0, 29.0
0.54869425, -27.0, 2.0, 22.0
0.11855349, -17.0, 4.0, 36.0
0.84815603, -38.0, 2.0, 36.0
0.6967509, -28.0, 2.0, 43.0
0.97671354, -17.0, 3.0, 34.0
0.34955764, -29.0, 2.0, 43.0
0.27394447, -19.0, 2.0, 27.0
0.78521484, -27.0, 2.0, 43.0
0.25827324, -22.0, 5.0, 22.0
0.33562654, -16.9, 3.0, 31.3
0.6781081, -30.0, 2.0, 22.0
0.8525959, -19.0, 2.0, 38.0
0.5809953, -22.0, 3.0, 23.0
0.962346, -18.0, 2.0, 29.0
0.30468467, -33.0, 2.0, 23.0
0.057601377, -26.0, 2.0, 22.0
0.6620159, -18.0, 2.0, 36.0
0.16725343, -22.0, 5.0, 43.0
0.9796331, -22.0, 3.0, 42.0
0.11908709, -30.0, 2.0, 43.0
0.7393714, -33.0, 2.0, 42.0
0.17093866, -23.0, 2.0, 23.0
0.6820387, -26.0, 2.0, 43.0
0.765333, -17.0, 3.0, 35.0
0.5781329, -23.0, 2.0, 42.0
0.013092678, -31.0, 2.0, 22.0
0.8013468, -17.0, 4.0, 28.0
0.4492189, -38.0, 2.0, 28.0
0.10167141, -36.0, 2.0, 25.0
0.06174754, -17.0, 5.0, 27.0
0.94930756, -17.0, 4.0, 37.0
0.3691264, -25.0, 2.0, 22.0
0.78284997, -38.0, 2.0, 37.0
0.72742754, -35.0, 2.0, 24.0
0.8603545, -39.0, 2.0, 32.0
0.16449402, -17.0, 5.0, 38.0
0.98560244, -39.0, 2.0, 33.0
0.95865816, -36.0, 2.0, 40.0
0.6104268, -31.0, 2.0, 43.0
0.26530358, -25.0, 2.0, 43.0
0.034273997, -17.0, 3.0, 29.0
0.22125587, -35.0, 2.0, 41.0
0.1117863, -20.0, 2.0, 25.0
0.7663789, -37.0, 2.0, 26.0
0.9062607, -39.0, 2.0, 31.0
0.5710484, -18.0, 2.0, 28.0
0.6001675, -21.0, 2.0, 24.0
0.8702272, -39.0, 2.0, 34.0
0.09290172, -22.0, 4.0, 22.0
0.1181518, -17.0, 3.0, 36.0
0.6206397, -20.0, 2.0, 40.0
0.3962581, -18.0, 2.0, 37.0
0.35423914, -37.0, 2.0, 39.0
0.65065724, -17.0, 2.0, 32.0
0.839847, -17.0, 2.0, 33.0
0.589563, -21.0, 2.0, 41.0
0.8051777, -22.0, 4.0, 43.0
0.43655607, -19.0, 2.0, 26.0
0.86483496, -34.0, 2.0, 23.0
0.4790434, -32.0, 2.0, 22.0
0.013737218, -17.0, 2.0, 31.0
0.2549604, -17.0, 2.0, 34.0
0.13245596, -19.0, 2.0, 39.0
0.3325244, -39.0, 2.0, 30.0
0.566508, -39.0, 2.0, 35.0
0.52115035, -24.0, 2.0, 22.0
0.84839094, -34.0, 2.0, 42.0
0.33559373, -22.0, 2.0, 23.0
0.86208016, -32.0, 2.0, 43.0
0.964708, -24.0, 2.0, 43.0
0.90110856, -17.0, 4.0, 27.0
0.4812571, -22.0, 2.0, 42.0
0.73013574, -38.0, 2.0, 27.0
0.69597274, -17.0, 2.0, 30.0
0.653626, -17.0, 4.0, 38.0
0.79910266, -38.0, 2.0, 38.0
0.84205234, -17.0, 2.0, 35.0
0.6532812, -17.0, 3.0, 28.0
0.5247217, -17.0, 3.0, 37.0
0.4755185, -17.0, 5.0, 26.0
0.7782846, -39.0, 2.0, 29.0
0.3619297, -28.0, 2.0, 21.0
0.3112917, -18.0, 2.0, 27.0
0.12060929, -17.0, 5.0, 39.0
0.04845221, -39.0, 2.0, 36.0
0.6555244, -29.0, 2.0, 21.0
0.27482897, -18.0, 2.0, 38.0
0.42280897, -27.0, 2.0, 21.0
0.32197663, -22.0, 3.0, 22.0
0.5113619, -28.0, 2.0, 44.0
0.117544286, -33.0, 2.0, 22.0
0.6987888, -29.0, 2.0, 44.0
0.62027484, -36.0, 2.0, 24.0
0.43370786, -27.0, 2.0, 44.0
0.10743683, -22.0, 5.0, 21.0
0.394111, -17.0, 2.0, 29.0
0.24593057, -22.0, 3.0, 43.0
0.8823188, -30.0, 2.0, 21.0
0.77666134, -23.0, 2.0, 22.0
0.4191795, -37.0, 2.0, 25.0
0.77992785, -17.0, 2.0, 36.0
0.08827897, -33.0, 2.0, 43.0
0.8138279, -26.0, 2.0, 21.0
0.3153926, -36.0, 2.0, 41.0
0.5649473, -22.0, 5.0, 44.0
0.22519968, -37.0, 2.0, 40.0
0.998409, -20.0, 2.0, 24.0
0.6380013, -30.0, 2.0, 44.0
0.71088725, -23.0, 2.0, 43.0
0.31105664, -35.0, 2.0, 23.0
0.28421867, -26.0, 2.0, 44.0
0.61503106, -19.0, 2.0, 25.0
0.80818796, -20.0, 2.0, 41.0
0.40441585, -35.0, 2.0, 42.0
0.42896625, -39.0, 2.0, 28.0
0.09572395, -17.0, 3.0, 27.0
0.21519989, -19.0, 2.0, 40.0
0.62852603, -21.0, 2.0, 23.0
0.8881773, -31.0, 2.0, 21.0
0.037313174, -17.0, 4.0, 26.0
0.9977517, -39.0, 2.0, 37.0
0.3077319, -17.0, 3.0, 38.0
0.044312853, -38.0, 2.0, 26.0
0.29553866, -25.0, 2.0, 21.0
0.34223783, -17.0, 4.0, 39.0
0.03288958, -21.0, 2.0, 42.0
0.22570778, -38.0, 2.0, 39.0
0.28216884, -31.0, 2.0, 44.0
0.53795874, -40.0, 2.0, 32.0
0.7859408, -40.0, 2.0, 33.0
0.3849868, -17.0, 2.0, 28.0
0.13189195, -25.0, 2.0, 44.0
0.43011186, -18.0, 2.0, 26.0
0.34853083, -17.0, 2.0, 37.0
0.75290745, -22.0, 4.0, 21.0
0.38129333, -40.0, 2.0, 31.0
0.5817453, -18.0, 2.0, 39.0
0.09553004, -34.0, 2.0, 22.0
0.26111746, -17.0, 5.0, 25.0
0.8042362, -40.0, 2.0, 34.0
0.25114956, -22.0, 4.0, 44.0
0.93154675, -17.0, 5.0, 40.0
0.036102545, -16.0, 2.0, 32.0
0.9708152, -16.0, 2.0, 33.0
0.6905771, -34.0, 2.0, 43.0
0.5669946, -22.0, 2.0, 22.0
0.8066411, -32.0, 2.0, 21.0
0.30115354, -24.0, 2.0, 21.0
0.20284484, -16.0, 2.0, 31.0
0.5500054, -22.0, 2.0, 43.0
0.6383699, -40.0, 2.0, 30.0
0.87066585, -16.0, 2.0, 34.0
0.8542861, -32.0, 2.0, 44.0
0.47145328, -40.0, 2.0, 35.0
0.011604821, -39.0, 2.0, 27.0
0.9900104, -24.0, 2.0, 44.0
0.7356848, -39.0, 2.0, 38.0
0.5425849, -17.0, 3.0, 26.0
0.89234966, -37.0, 2.0, 24.0
0.63080704, -16.0, 2.0, 30.0
0.18723878, -17.0, 3.0, 39.0
0.30822435, -36.0, 2.0, 23.0
0.1114647, -16.0, 2.0, 35.0
0.09729689, -17.0, 2.0, 27.0
0.45926037, -37.0, 2.0, 41.0
0.6032501, -17.0, 2.0, 38.0
0.06325592, -17.0, 4.0, 25.0
0.95447254, -36.0, 2.0, 42.0
0.8672411, -19.0, 2.0, 24.0
0.98601705, -38.0, 2.0, 25.0
0.4622854, -40.0, 2.0, 29.0
0.114809506, -40.0, 2.0, 36.0
0.61806667, -20.0, 2.0, 23.0
0.7896227, -22.0, 3.0, 21.0
0.6559913, -17.0, 4.0, 40.0
0.15857987, -28.0, 2.0, 20.0
0.13358597, -38.0, 2.0, 40.0
0.6203949, -19.0, 2.0, 41.0
0.7807464, -33.0, 2.0, 21.0
0.41683176, -29.0, 2.0, 20.0
0.87839985, -20.0, 2.0, 42.0
0.6027021, -27.0, 2.0, 20.0
0.87027174, -22.0, 3.0, 44.0
0.08146935, -23.0, 2.0, 21.0
0.41065055, -18.0, 2.0, 25.0
0.9201675, -28.0, 2.0, 45.0
0.87786204, -35.0, 2.0, 22.0
0.6234699, -33.0, 2.0, 44.0
0.6177562, -16.0, 2.0, 29.0
0.23559178, -29.0, 2.0, 45.0
0.45766804, -22.0, 5.0, 20.0
0.09812547, -16.0, 2.0, 36.0
0.87344897, -18.0, 2.0, 40.0
0.3853666, -27.0, 2.0, 45.0
0.26532066, -30.0, 2.0, 20.0
0.4952994, -23.0, 2.0, 44.0
0.15813988, -35.0, 2.0, 43.0
0.33888927, -21.0, 2.0, 22.0
0.48446974, -26.0, 2.0, 20.0
0.15303771, -22.0, 5.0, 45.0
0.021546772, -17.0, 5.0, 24.0
0.78946275, -30.0, 2.0, 45.0
0.26335034, -39.0, 2.0, 26.0
0.3944791, -21.0, 2.0, 43.0
0.634686, -26.0, 2.0, 45.0
0.9003941, -17.0, 5.0, 41.0
0.7542784, -40.0, 2.0, 28.0
0.9708568, -39.0, 2.0, 39.0
0.077743694, -40.0, 2.0, 37.0
0.6684794, -31.0, 2.0, 20.0
0.48901603, -17.0, 2.0, 26.0
0.5974886, -25.0, 2.0, 20.0
0.44100428, -17.0, 3.0, 25.0
0.08679121, -17.0, 2.0, 39.0
0.8942361, -16.0, 2.0, 28.0
0.8550022, -31.0, 2.0, 45.0
0.27793038, -17.0, 3.0, 40.0
0.7896596, -34.0, 2.0, 21.0
0.85385555, -16.0, 2.0, 37.0
0.99464524, -25.0, 2.0, 45.0
0.4426505, -41.0, 2.0, 32.0
0.14496584, -41.0, 2.0, 33.0
0.35879475, -22.0, 4.0, 20.0
0.7343785, -22.0, 2.0, 21.0
0.3685259, -34.0, 2.0, 44.0
0.822343, -37.0, 2.0, 23.0
0.4497599, -41.0, 2.0, 31.0
0.96155787, -41.0, 2.0, 34.0
0.4001318, -22.0, 4.0, 45.0
0.7106058, -17.0, 4.0, 24.0
0.85493445, -38.0, 2.0, 24.0
0.36835453, -22.0, 2.0, 44.0
0.87790215, -32.0, 2.0, 20.0
0.68370736, -37.0, 2.0, 42.0
0.9520049, -17.0, 4.0, 41.0
0.43767202, -15.0, 2.0, 32.0
0.29285154, -15.0, 2.0, 33.0
0.12174747, -38.0, 2.0, 41.0
0.94273466, -24.0, 2.0, 20.0
0.8701642, -19.0, 2.0, 23.0
0.97820115, -40.0, 2.0, 27.0
0.2820335, -36.0, 2.0, 22.0
0.4183394, -32.0, 2.0, 45.0
0.49706426, -40.0, 2.0, 38.0
0.48540065, -41.0, 2.0, 30.0
0.5849224, -18.0, 2.0, 24.0
0.81520617, -15.0, 2.0, 31.0
0.95888335, -15.0, 2.0, 34.0
0.0039515886, -41.0, 2.0, 35.0
0.63014716, -19.0, 2.0, 42.0
0.6130373, -36.0, 2.0, 43.0
0.9466409, -24.0, 2.0, 45.0
0.9276012, -18.0, 2.0, 41.0
0.29155964, -20.0, 2.0, 22.0
0.5112896, -39.0, 2.0, 25.0
0.60013944, -16.0, 2.0, 27.0
0.94389135, -39.0, 2.0, 40.0
0.5516962, -20.0, 2.0, 43.0
0.23481882, -16.0, 2.0, 38.0
0.73689806, -15.0, 2.0, 30.0
0.82970893, -15.0, 2.0, 35.0
0.8323012, -17.0, 5.0, 23.0
0.065926455, -17.0, 2.0, 25.0
0.9457109, -22.0, 3.0, 20.0
0.47240123, -41.0, 2.0, 29.0
0.45291805, -35.0, 2.0, 21.0
0.67754817, -33.0, 2.0, 20.0
0.2203987, -41.0, 2.0, 36.0
0.5041803, -17.0, 2.0, 40.0
0.5068859, -17.0, 5.0, 42.0
0.35110924, -22.0, 3.0, 45.0
0.73217136, -17.0, 3.0, 24.0
0.33695742, -23.0, 2.0, 20.0
0.8825545, -35.0, 2.0, 44.0
0.20261289, -28.0, 2.0, 19.0
0.54312366, -21.0, 2.0, 21.0
0.3154113, -33.0, 2.0, 45.0
0.37725878, -29.0, 2.0, 19.0
0.61181694, -27.0, 2.0, 19.0
0.5487357, -17.0, 3.0, 41.0
0.16800769, -15.0, 2.0, 29.0
0.8525692, -23.0, 2.0, 45.0
0.6518916, -21.0, 2.0, 44.0
0.7038519, -28.0, 2.0, 46.0
0.92885315, -15.0, 2.0, 36.0
0.1615614, -40.0, 2.0, 26.0
0.9507419, -29.0, 2.0, 46.0
0.6344643, -22.0, 5.0, 19.0
0.027678462, -27.0, 2.0, 46.0
0.14232528, -30.0, 2.0, 19.0
0.080216646, -40.0, 2.0, 39.0
0.06672722, -26.0, 2.0, 19.0
0.30091217, -22.0, 5.0, 46.0
0.31666005, -41.0, 2.0, 28.0
0.26571447, -30.0, 2.0, 46.0
0.11498114, -16.0, 2.0, 26.0
0.26371866, -41.0, 2.0, 37.0
0.05887812, -17.0, 4.0, 23.0
0.9362376, -26.0, 2.0, 46.0
0.36216706, -38.0, 2.0, 23.0
0.10103902, -16.0, 2.0, 39.0
0.90686774, -37.0, 2.0, 22.0
0.3937317, -17.0, 4.0, 42.0
0.8388621, -38.0, 2.0, 42.0
0.48508662, -31.0, 2.0, 19.0
0.37604046, -34.0, 2.0, 20.0
0.67059135, -25.0, 2.0, 19.0
0.46126997, -37.0, 2.0, 43.0
0.5074148, -39.0, 2.0, 24.0
0.10651621, -15.0, 2.0, 28.0
0.46549627, -18.0, 2.0, 23.0
0.2238508, -15.0, 2.0, 37.0
0.72558624, -19.0, 2.0, 22.0
0.4248755, -31.0, 2.0, 46.0
0.9002866, -22.0, 2.0, 20.0
0.4588776, -39.0, 2.0, 41.0
0.5676391, -34.0, 2.0, 45.0
0.43403435, -18.0, 2.0, 42.0
0.7243718, -25.0, 2.0, 46.0
0.7730561, -22.0, 4.0, 19.0
0.11195877, -19.0, 2.0, 43.0
0.5582747, -42.0, 2.0, 32.0
0.5082069, -36.0, 2.0, 21.0
0.85044813, -42.0, 2.0, 33.0
0.56582695, -22.0, 2.0, 45.0
0.0651892, -17.0, 2.0, 24.0
0.3136611, -17.0, 2.0, 41.0
0.17128985, -22.0, 4.0, 46.0
0.60283643, -36.0, 2.0, 44.0
0.46227604, -42.0, 2.0, 31.0
0.30664003, -42.0, 2.0, 34.0
0.8378966, -32.0, 2.0, 19.0
0.087520614, -20.0, 2.0, 21.0
0.8231458, -41.0, 2.0, 27.0
0.78611344, -41.0, 2.0, 38.0
0.121699505, -40.0, 2.0, 25.0
0.6149641, -24.0, 2.0, 19.0
0.036779486, -17.0, 5.0, 22.0
0.14373991, -14.0, 2.0, 32.0
0.04955897, -20.0, 2.0, 44.0
0.72382265, -14.0, 2.0, 33.0
0.6930022, -32.0, 2.0, 46.0
0.3395669, -17.0, 3.0, 23.0
0.3328525, -40.0, 2.0, 40.0
0.60309523, -42.0, 2.0, 30.0
0.81831557, -17.0, 5.0, 43.0
0.5818262, -24.0, 2.0, 46.0
0.20943603, -42.0, 2.0, 35.0
0.60615635, -14.0, 2.0, 31.0
0.9584557, -17.0, 3.0, 42.0
0.032632135, -14.0, 2.0, 34.0
0.31642857, -15.0, 2.0, 27.0
0.9099683, -16.0, 2.0, 25.0
0.1675234, -15.0, 2.0, 38.0
0.52642894, -16.0, 2.0, 40.0
0.5408731, -35.0, 2.0, 20.0
0.21305996, -14.0, 2.0, 30.0
0.3082567, -14.0, 2.0, 35.0
0.48432446, -22.0, 3.0, 19.0
0.9056762, -35.0, 2.0, 45.0
0.45277035, -21.0, 2.0, 20.0
0.6939945, -33.0, 2.0, 19.0
0.4349839, -42.0, 2.0, 29.0
0.93983227, -42.0, 2.0, 36.0
0.14042087, -23.0, 2.0, 19.0
0.51010644, -22.0, 3.0, 46.0
0.8115491, -21.0, 2.0, 45.0
0.6547893, -17.0, 4.0, 22.0
0.06249338, -33.0, 2.0, 46.0
0.6411387, -38.0, 2.0, 22.0
0.9840852, -41.0, 2.0, 26.0
0.20291308, -39.0, 2.0, 23.0
0.77655566, -28.0, 2.0, 18.0
0.49965513, -23.0, 2.0, 46.0
0.80834764, -17.0, 4.0, 43.0
0.52936125, -38.0, 2.0, 43.0
0.5425899, -41.0, 2.0, 39.0
0.20372765, -29.0, 2.0, 18.0
0.3242011, -14.0, 2.0, 29.0
0.8452778, -27.0, 2.0, 18.0
0.073543146, -39.0, 2.0, 42.0
0.9822557, -14.0, 2.0, 36.0
0.6208099, -37.0, 2.0, 21.0
0.5480707, -18.0, 2.0, 22.0
0.76333445, -28.0, 2.0, 47.0
7.7390333E-4, -22.0, 5.0, 18.0
0.30075976, -17.0, 2.0, 23.0
0.2936381, -29.0, 2.0, 47.0
0.8562155, -27.0, 2.0, 47.0
0.8951308, -18.0, 2.0, 43.0
0.4215596, -15.0, 2.0, 26.0
0.28575775, -30.0, 2.0, 18.0
0.35829663, -37.0, 2.0, 44.0
0.17639966, -26.0, 2.0, 18.0
0.27051044, -40.0, 2.0, 24.0
0.48945886, -42.0, 2.0, 28.0
0.36021486, -19.0, 2.0, 21.0
0.32760856, -17.0, 2.0, 42.0
0.83771837, -15.0, 2.0, 39.0
0.39804447, -42.0, 2.0, 37.0
0.83933234, -22.0, 5.0, 47.0
0.85135317, -40.0, 2.0, 41.0
0.3920672, -30.0, 2.0, 47.0
0.1875353, -19.0, 2.0, 44.0
0.9405208, -26.0, 2.0, 47.0
0.74708307, -34.0, 2.0, 19.0
0.13625528, -16.0, 2.0, 24.0
0.5776579, -31.0, 2.0, 18.0
0.19649911, -36.0, 2.0, 20.0
0.8978278, -14.0, 2.0, 28.0
0.5195408, -22.0, 2.0, 19.0
0.48510015, -34.0, 2.0, 46.0
0.14185551, -25.0, 2.0, 18.0
0.6283566, -14.0, 2.0, 37.0
0.4206277, -16.0, 2.0, 41.0
0.60261047, -17.0, 3.0, 22.0
0.29930243, -31.0, 2.0, 47.0
0.26024124, -36.0, 2.0, 45.0
0.078165196, -17.0, 5.0, 21.0
0.36661682, -22.0, 2.0, 46.0
0.5723721, -20.0, 2.0, 20.0
0.83401924, -17.0, 3.0, 43.0
0.34262025, -25.0, 2.0, 47.0
0.38639483, -22.0, 4.0, 18.0
0.6656785, -17.0, 5.0, 44.0
0.29462984, -20.0, 2.0, 45.0
0.5508251, -41.0, 2.0, 25.0
0.29941475, -43.0, 2.0, 32.0
0.27203354, -43.0, 2.0, 33.0
0.34352258, -42.0, 2.0, 27.0
0.083287254, -22.0, 4.0, 47.0
0.19034897, -41.0, 2.0, 40.0
0.41512007, -32.0, 2.0, 18.0
0.8493152, -42.0, 2.0, 38.0
0.45439062, -43.0, 2.0, 31.0
0.1653235, -43.0, 2.0, 34.0
0.5170876, -24.0, 2.0, 18.0
0.178603, -15.0, 2.0, 25.0
0.6069059, -32.0, 2.0, 47.0
0.408348, -13.0, 2.0, 32.0
0.472352, -13.0, 2.0, 33.0
0.05949905, -15.0, 2.0, 40.0
0.9347648, -14.0, 2.0, 27.0
0.06346119, -24.0, 2.0, 47.0
0.25204363, -39.0, 2.0, 22.0
0.6227119, -43.0, 2.0, 30.0
0.44184554, -14.0, 2.0, 38.0
0.5839789, -35.0, 2.0, 19.0
0.33796182, -43.0, 2.0, 35.0
0.0784422, -17.0, 4.0, 21.0
0.35955173, -13.0, 2.0, 31.0
0.7693347, -13.0, 2.0, 34.0
0.59055924, -38.0, 2.0, 21.0
0.08210821, -39.0, 2.0, 43.0
0.4922603, -21.0, 2.0, 19.0
0.5703543, -35.0, 2.0, 46.0
0.99239254, -17.0, 4.0, 44.0
0.21788488, -40.0, 2.0, 23.0
0.5372496, -38.0, 2.0, 44.0
0.88540614, -17.0, 2.0, 22.0
0.07664046, -22.0, 3.0, 18.0
0.18626979, -18.0, 2.0, 21.0
0.6345099, -40.0, 2.0, 42.0
0.99272203, -33.0, 2.0, 18.0
0.74970335, -13.0, 2.0, 30.0
0.2203634, -21.0, 2.0, 46.0
0.44187662, -13.0, 2.0, 35.0
0.9682842, -17.0, 2.0, 43.0
0.6475644, -43.0, 2.0, 29.0
0.9752799, -18.0, 2.0, 44.0
0.10221641, -37.0, 2.0, 20.0
0.4240258, -23.0, 2.0, 18.0
0.1275045, -22.0, 3.0, 47.0
0.6360803, -43.0, 2.0, 36.0
0.57193464, -16.0, 2.0, 23.0
0.16769378, -42.0, 2.0, 26.0
0.48992845, -33.0, 2.0, 47.0
0.27184528, -42.0, 2.0, 39.0
0.91386205, -37.0, 2.0, 45.0
0.9335742, -16.0, 2.0, 42.0
0.049473185, -23.0, 2.0, 47.0
0.5269843, -19.0, 2.0, 20.0
0.32261798, -41.0, 2.0, 24.0
0.16238289, -28.0, 2.0, 17.0
0.23023373, -13.0, 2.0, 29.0
0.5856012, -19.0, 2.0, 45.0
0.84683526, -29.0, 2.0, 17.0
0.9189737, -13.0, 2.0, 36.0
0.9468557, -14.0, 2.0, 26.0
0.97071517, -41.0, 2.0, 41.0
1.729303E-4, -27.0, 2.0, 17.0
0.4281211, -17.0, 3.0, 21.0
0.15140808, -14.0, 2.0, 39.0
0.1473611, -28.0, 2.0, 48.0
0.7118301, -22.0, 5.0, 17.0
0.38148203, -29.0, 2.0, 48.0
0.57536316, -43.0, 2.0, 28.0
0.087071374, -15.0, 2.0, 24.0
0.35731417, -17.0, 3.0, 44.0
0.12294689, -30.0, 2.0, 17.0
0.37667558, -27.0, 2.0, 48.0
0.9209659, -43.0, 2.0, 37.0
0.9315064, -26.0, 2.0, 17.0
0.054938294, -36.0, 2.0, 19.0
0.613866, -15.0, 2.0, 41.0
0.5596556, -17.0, 5.0, 20.0
0.77860487, -34.0, 2.0, 18.0
0.124819644, -22.0, 5.0, 48.0
0.21217817, -30.0, 2.0, 48.0
0.69038975, -26.0, 2.0, 48.0
0.6773165, -22.0, 2.0, 18.0
0.048426073, -36.0, 2.0, 46.0
0.36129457, -17.0, 5.0, 45.0
0.87535477, -20.0, 2.0, 19.0
0.49470633, -34.0, 2.0, 47.0
0.0068326583, -13.0, 2.0, 28.0
0.08975639, -31.0, 2.0, 17.0
0.5697584, -13.0, 2.0, 37.0
0.06840401, -22.0, 2.0, 47.0
0.91282547, -25.0, 2.0, 17.0
0.09815142, -20.0, 2.0, 46.0
0.7543105, -42.0, 2.0, 25.0
0.4544033, -31.0, 2.0, 48.0
0.9851435, -39.0, 2.0, 21.0
0.80129457, -42.0, 2.0, 40.0
0.53393626, -25.0, 2.0, 48.0
0.18648268, -22.0, 4.0, 17.0
0.29141062, -40.0, 2.0, 22.0
0.9290412, -43.0, 2.0, 27.0
0.49303725, -39.0, 2.0, 44.0
0.7333119, -40.0, 2.0, 43.0
0.12477792, -43.0, 2.0, 38.0
0.9660376, -17.0, 4.0, 20.0
0.81733894, -38.0, 2.0, 20.0
0.91059947, -44.0, 2.0, 32.0
0.5646492, -44.0, 2.0, 33.0
0.17262562, -14.0, 2.0, 25.0
0.19334303, -22.0, 4.0, 48.0
0.6081752, -17.0, 2.0, 21.0
0.33846343, -32.0, 2.0, 17.0
0.92228496, -14.0, 2.0, 40.0
0.27862665, -16.0, 2.0, 22.0
0.8256898, -17.0, 4.0, 45.0
0.14935927, -24.0, 2.0, 17.0
0.6154081, -44.0, 2.0, 31.0
0.09970973, -38.0, 2.0, 45.0
0.67565435, -44.0, 2.0, 34.0
0.96364903, -17.0, 2.0, 44.0
0.48486853, -41.0, 2.0, 23.0
0.07893561, -18.0, 2.0, 20.0
0.70883024, -32.0, 2.0, 48.0
0.36238068, -35.0, 2.0, 18.0
0.19575635, -16.0, 2.0, 43.0
0.5177894, -13.0, 2.0, 27.0
0.64451957, -41.0, 2.0, 42.0
0.9528673, -13.0, 2.0, 38.0
0.25982016, -24.0, 2.0, 48.0
0.271303, -12.0, 2.0, 32.0
0.34709534, -12.0, 2.0, 33.0
0.008916892, -18.0, 2.0, 45.0
0.9345668, -21.0, 2.0, 18.0
0.0366725, -35.0, 2.0, 47.0
0.68014926, -44.0, 2.0, 30.0
0.9625946, -44.0, 2.0, 35.0
0.45763573, -15.0, 2.0, 23.0
0.14894229, -12.0, 2.0, 31.0
0.69092476, -37.0, 2.0, 19.0
0.10570317, -12.0, 2.0, 34.0
0.1789792, -21.0, 2.0, 47.0
0.027583718, -15.0, 2.0, 42.0
0.43024158, -22.0, 3.0, 17.0
0.8757668, -37.0, 2.0, 46.0
0.3965414, -33.0, 2.0, 17.0
0.4500247, -19.0, 2.0, 19.0
0.5969066, -43.0, 2.0, 26.0
0.39915803, -12.0, 2.0, 30.0
0.47554663, -17.0, 3.0, 20.0
0.64166325, -23.0, 2.0, 17.0
0.110646434, -12.0, 2.0, 35.0
0.54310524, -22.0, 3.0, 48.0
0.13716854, -42.0, 2.0, 24.0
0.7666232, -43.0, 2.0, 39.0
0.663884, -44.0, 2.0, 29.0
0.58867353, -33.0, 2.0, 48.0
0.63926697, -19.0, 2.0, 46.0
0.7794882, -44.0, 2.0, 36.0
0.28022283, -17.0, 3.0, 45.0
0.77841043, -42.0, 2.0, 41.0
0.9400439, -23.0, 2.0, 48.0
0.7554758, -13.0, 2.0, 26.0
0.91629, -14.0, 2.0, 24.0
0.41520125, -17.0, 5.0, 19.0
0.8348828, -13.0, 2.0, 39.0
0.754991, -12.0, 2.0, 29.0
0.1836285, -28.0, 2.0, 16.0
0.89297944, -12.0, 2.0, 36.0
0.48730066, -14.0, 2.0, 41.0
0.99822336, -29.0, 2.0, 16.0
0.33861867, -36.0, 2.0, 18.0
0.025289763, -27.0, 2.0, 16.0
0.73685557, -17.0, 5.0, 46.0
0.6264311, -44.0, 2.0, 28.0
0.79094803, -40.0, 2.0, 21.0
0.30430254, -28.0, 2.0, 49.0
0.060017016, -22.0, 5.0, 16.0
0.6087791, -34.0, 2.0, 17.0
0.5149367, -44.0, 2.0, 37.0
0.27073002, -36.0, 2.0, 47.0
0.08442007, -20.0, 2.0, 18.0
0.41707638, -29.0, 2.0, 49.0
0.9130655, -39.0, 2.0, 20.0
0.004196337, -30.0, 2.0, 16.0
0.11258845, -27.0, 2.0, 49.0
0.9354854, -26.0, 2.0, 16.0
0.87734336, -40.0, 2.0, 44.0
0.853965, -22.0, 2.0, 17.0
0.19812611, -41.0, 2.0, 22.0
0.6982497, -39.0, 2.0, 45.0
0.0216879, -34.0, 2.0, 48.0
0.92152894, -22.0, 5.0, 49.0
0.9355401, -20.0, 2.0, 47.0
0.95571536, -16.0, 2.0, 21.0
0.31728446, -30.0, 2.0, 49.0
0.47941965, -26.0, 2.0, 49.0
0.27427292, -17.0, 2.0, 20.0
0.2573982, -41.0, 2.0, 43.0
0.65292597, -43.0, 2.0, 25.0
0.46469384, -12.0, 2.0, 28.0
0.34818497, -22.0, 2.0, 48.0
0.21057288, -16.0, 2.0, 44.0
0.16362631, -12.0, 2.0, 37.0
0.42090753, -17.0, 4.0, 19.0
0.52364314, -31.0, 2.0, 16.0
0.82383996, -43.0, 2.0, 40.0
0.52333814, -38.0, 2.0, 19.0
0.7789885, -17.0, 2.0, 45.0
0.612535, -25.0, 2.0, 16.0
0.3773505, -15.0, 2.0, 22.0
0.7813962, -17.0, 4.0, 46.0
0.16527048, -38.0, 2.0, 46.0
0.4709422, -31.0, 2.0, 49.0
0.07484614, -15.0, 2.0, 43.0
0.73734426, -18.0, 2.0, 19.0
0.5040537, -13.0, 2.0, 25.0
0.0098705795, -25.0, 2.0, 49.0
0.82739925, -22.0, 4.0, 16.0
0.2950959, -42.0, 2.0, 23.0
0.042407215, -44.0, 2.0, 27.0
0.98134947, -13.0, 2.0, 40.0
0.3947127, -44.0, 2.0, 38.0
0.71491504, -42.0, 2.0, 42.0
0.06653099, -18.0, 2.0, 46.0
0.7713749, -22.0, 4.0, 49.0
0.76706725, -32.0, 2.0, 16.0
0.19049393, -45.0, 2.0, 32.0
0.0018475087, -45.0, 2.0, 33.0
0.8305877, -35.0, 2.0, 17.0
0.10948, -24.0, 2.0, 16.0
0.7184438, -14.0, 2.0, 23.0
0.7930925, -12.0, 2.0, 27.0
0.30423972, -45.0, 2.0, 31.0
0.80936384, -37.0, 2.0, 18.0
0.7988031, -45.0, 2.0, 34.0
0.94602805, -32.0, 2.0, 49.0
0.8849166, -21.0, 2.0, 17.0
0.16995534, -12.0, 2.0, 38.0
0.10770671, -14.0, 2.0, 42.0
0.3790016, -35.0, 2.0, 48.0
0.9046487, -24.0, 2.0, 49.0
0.07400436, -17.0, 3.0, 19.0
0.9171497, -37.0, 2.0, 47.0
0.2804261, -19.0, 2.0, 18.0
0.20745708, -21.0, 2.0, 48.0
0.50569475, -11.0, 2.0, 32.0
0.7018171, -11.0, 2.0, 33.0
0.49735892, -45.0, 2.0, 30.0
0.39904392, -17.0, 3.0, 46.0
0.16349344, -45.0, 2.0, 35.0
0.06924031, -11.0, 2.0, 31.0
0.59070724, -19.0, 2.0, 47.0
0.6572522, -11.0, 2.0, 34.0
0.52260077, -43.0, 2.0, 24.0
0.87708133, -22.0, 3.0, 16.0
0.584191, -33.0, 2.0, 16.0
0.4050828, -44.0, 2.0, 26.0
0.6129013, -43.0, 2.0, 41.0
0.16013256, -44.0, 2.0, 39.0
0.6070439, -23.0, 2.0, 16.0
0.7974713, -22.0, 3.0, 49.0
0.4667921, -40.0, 2.0, 20.0
0.2796614, -11.0, 2.0, 30.0
0.084537335, -33.0, 2.0, 49.0
0.15369104, -17.0, 5.0, 18.0
0.6609906, -11.0, 2.0, 35.0
0.5290164, -41.0, 2.0, 21.0
0.8657601, -45.0, 2.0, 29.0
0.17916326, -45.0, 2.0, 36.0
0.6274016, -13.0, 2.0, 24.0
0.28195104, -23.0, 2.0, 49.0
0.69469225, -40.0, 2.0, 45.0
0.06361803, -41.0, 2.0, 44.0
0.44034964, -12.0, 2.0, 26.0
0.6539115, -13.0, 2.0, 41.0
0.7284593, -17.0, 5.0, 47.0
0.3169657, -39.0, 2.0, 19.0
0.60095847, -16.0, 2.0, 20.0
0.5615713, -12.0, 2.0, 39.0
0.3857577, -36.0, 2.0, 17.0
0.50990087, -15.0, 2.0, 21.0
0.9341878, -39.0, 2.0, 46.0
0.012187897, -16.0, 2.0, 45.0
0.66879153, -42.0, 2.0, 22.0
0.9231756, -11.0, 2.0, 29.0
0.090011455, -17.0, 2.0, 19.0
0.43189237, -11.0, 2.0, 36.0
0.24366364, -15.0, 2.0, 44.0
0.47764343, -20.0, 2.0, 17.0
0.29745042, -36.0, 2.0, 48.0
0.8508151, -28.0, 2.0, 15.0
0.9870156, -42.0, 2.0, 43.0
0.21658812, -29.0, 2.0, 15.0
0.9586488, -34.0, 2.0, 16.0
0.802987, -27.0, 2.0, 15.0
0.4108115, -17.0, 2.0, 46.0
0.0425167, -45.0, 2.0, 28.0
0.38990813, -20.0, 2.0, 48.0
0.8702468, -45.0, 2.0, 37.0
0.36251354, -17.0, 4.0, 18.0
0.37250984, -38.0, 2.0, 18.0
0.51757175, -14.0, 2.0, 22.0
0.9019228, -22.0, 2.0, 16.0
0.664498, -22.0, 5.0, 15.0
0.86938626, -30.0, 2.0, 15.0
0.618878, -34.0, 2.0, 49.0
0.07584711, -26.0, 2.0, 15.0
0.90441215, -44.0, 2.0, 25.0
0.43035248, -14.0, 2.0, 43.0
0.26137698, -17.0, 4.0, 47.0
0.13129902, -38.0, 2.0, 47.0
0.4172742, -44.0, 2.0, 40.0
0.17047365, -22.0, 2.0, 49.0
0.4392321, -18.0, 2.0, 18.0
0.3007642, -11.0, 2.0, 28.0
0.6104694, -43.0, 2.0, 23.0
0.22521342, -11.0, 2.0, 37.0
0.53070533, -18.0, 2.0, 47.0
0.69493383, -31.0, 2.0, 15.0
0.17439795, -43.0, 2.0, 42.0
0.81445783, -12.0, 2.0, 25.0
0.108349875, -25.0, 2.0, 15.0
0.1541584, -12.0, 2.0, 40.0
0.39438102, -45.0, 2.0, 27.0
0.1598493, -13.0, 2.0, 23.0
0.8219122, -45.0, 2.0, 38.0
0.8696093, -22.0, 4.0, 15.0
0.7335336, -13.0, 2.0, 42.0
0.52792263, -17.0, 3.0, 18.0
0.5436708, -37.0, 2.0, 17.0
0.39869022, -35.0, 2.0, 16.0
0.0916635, -32.0, 2.0, 15.0
0.88344896, -17.0, 3.0, 47.0
0.71691614, -21.0, 2.0, 16.0
0.05177959, -37.0, 2.0, 48.0
0.6618578, -19.0, 2.0, 17.0
0.3805564, -46.0, 2.0, 32.0
0.380503, -24.0, 2.0, 15.0
0.011175048, -11.0, 2.0, 27.0
0.10427046, -46.0, 2.0, 33.0
0.19361188, -35.0, 2.0, 49.0
0.655882, -41.0, 2.0, 20.0
0.9581484, -11.0, 2.0, 38.0
0.83572495, -40.0, 2.0, 19.0
0.995511, -46.0, 2.0, 31.0
0.5777451, -46.0, 2.0, 34.0
0.43031052, -21.0, 2.0, 49.0
0.5940978, -19.0, 2.0, 48.0
0.72793865, -41.0, 2.0, 45.0
0.025394978, -44.0, 2.0, 24.0
0.60902286, -42.0, 2.0, 21.0
0.07805132, -40.0, 2.0, 46.0
0.17632525, -15.0, 2.0, 20.0
0.16917622, -44.0, 2.0, 41.0
0.7453829, -42.0, 2.0, 44.0
0.38553438, -10.0, 2.0, 32.0
0.2616392, -16.0, 2.0, 19.0
0.28478116, -10.0, 2.0, 33.0
0.97334903, -46.0, 2.0, 30.0
0.17857164, -46.0, 2.0, 35.0
0.8918195, -17.0, 5.0, 17.0
0.007971504, -45.0, 2.0, 26.0
0.82985884, -15.0, 2.0, 45.0
0.98721445, -39.0, 2.0, 18.0
0.6775655, -22.0, 3.0, 15.0
0.10323183, -10.0, 2.0, 31.0
0.40433615, -33.0, 2.0, 15.0
0.8321261, -45.0, 2.0, 39.0
0.81036794, -10.0, 2.0, 34.0
0.60209894, -16.0, 2.0, 46.0
0.6737682, -14.0, 2.0, 21.0
0.39312792, -12.0, 2.0, 24.0
0.9250749, -17.0, 5.0, 48.0
0.73038685, -23.0, 2.0, 15.0
0.24457556, -39.0, 2.0, 47.0
0.2801329, -14.0, 2.0, 44.0
0.82495475, -12.0, 2.0, 41.0
0.38825372, -17.0, 2.0, 18.0
0.41878554, -43.0, 2.0, 22.0
0.57324475, -10.0, 2.0, 30.0
0.53413004, -46.0, 2.0, 29.0
0.073034115, -10.0, 2.0, 35.0
0.22955991, -11.0, 2.0, 26.0
0.6904037, -36.0, 2.0, 16.0
0.26041946, -46.0, 2.0, 36.0
0.041986313, -43.0, 2.0, 43.0
0.8499145, -17.0, 2.0, 47.0
0.81380975, -11.0, 2.0, 39.0
0.5010422, -20.0, 2.0, 16.0
0.2005805, -36.0, 2.0, 49.0
0.56851035, -13.0, 2.0, 22.0
0.56045705, -17.0, 4.0, 17.0
0.7042992, -38.0, 2.0, 17.0
0.6716809, -13.0, 2.0, 43.0
0.34768307, -10.0, 2.0, 29.0
0.31746417, -20.0, 2.0, 49.0
0.6122636, -10.0, 2.0, 36.0
0.2519515, -17.0, 4.0, 48.0
0.83141637, -34.0, 2.0, 15.0
0.67948675, -38.0, 2.0, 48.0
0.6526733, -18.0, 2.0, 17.0
0.99404013, -28.0, 2.0, 14.0
0.55475557, -46.0, 2.0, 28.0
0.72335005, -29.0, 2.0, 14.0
0.52263564, -22.0, 2.0, 15.0
0.96657515, -46.0, 2.0, 37.0
0.021195728, -27.0, 2.0, 14.0
0.4341415, -45.0, 2.0, 25.0
0.4124162, -44.0, 2.0, 23.0
0.83873206, -18.0, 2.0, 48.0
0.26086682, -45.0, 2.0, 40.0
0.45735377, -22.0, 5.0, 14.0
0.15449841, -30.0, 2.0, 14.0
0.31210664, -44.0, 2.0, 42.0
0.45988005, -26.0, 2.0, 14.0
0.4932715, -10.0, 2.0, 28.0
0.9512656, -11.0, 2.0, 25.0
0.5798565, -10.0, 2.0, 37.0
0.2599855, -12.0, 2.0, 23.0
0.07264515, -41.0, 2.0, 19.0
0.23406883, -17.0, 3.0, 17.0
0.9315499, -11.0, 2.0, 40.0
0.3677326, -42.0, 2.0, 20.0
0.15679877, -31.0, 2.0, 14.0
0.6371117, -12.0, 2.0, 42.0
0.34188637, -25.0, 2.0, 14.0
0.18361305, -41.0, 2.0, 46.0
0.9906679, -37.0, 2.0, 16.0
0.031492826, -17.0, 3.0, 48.0
0.3824325, -46.0, 2.0, 27.0
0.26420447, -42.0, 2.0, 45.0
0.90386724, -40.0, 2.0, 18.0
0.05791436, -46.0, 2.0, 38.0
0.07773973, -15.0, 2.0, 19.0
0.56412363, -35.0, 2.0, 15.0
0.30273828, -22.0, 4.0, 14.0
0.62097806, -37.0, 2.0, 49.0
0.39068994, -19.0, 2.0, 16.0
0.5696352, -14.0, 2.0, 20.0
0.9254288, -40.0, 2.0, 47.0
0.3636528, -43.0, 2.0, 21.0
0.8666404, -15.0, 2.0, 46.0
0.63205236, -21.0, 2.0, 15.0
0.5424079, -16.0, 2.0, 18.0
0.22741371, -14.0, 2.0, 45.0
0.59191567, -43.0, 2.0, 44.0
0.036604725, -19.0, 2.0, 49.0
0.6764217, -32.0, 2.0, 14.0
0.8217164, -10.0, 2.0, 27.0
0.02942177, -16.0, 2.0, 47.0
0.60123694, -24.0, 2.0, 14.0
0.58874655, -10.0, 2.0, 38.0
0.4758829, -45.0, 2.0, 24.0
0.48263314, -47.0, 2.0, 32.0
0.8898419, -39.0, 2.0, 17.0
0.7326975, -47.0, 2.0, 33.0
0.5271413, -13.0, 2.0, 21.0
0.9089309, -45.0, 2.0, 41.0
0.44572008, -17.0, 5.0, 16.0
0.110702366, -47.0, 2.0, 31.0
0.61047477, -47.0, 2.0, 34.0
0.554246, -13.0, 2.0, 44.0
0.80359685, -39.0, 2.0, 48.0
0.4878527, -17.0, 2.0, 17.0
0.45909908, -17.0, 5.0, 49.0
0.413189, -44.0, 2.0, 22.0
0.42231804, -46.0, 2.0, 26.0
0.21269415, -11.0, 2.0, 24.0
0.99880224, -46.0, 2.0, 39.0
0.8323229, -47.0, 2.0, 30.0
0.0953827, -9.0, 2.0, 32.0
0.47512153, -17.0, 2.0, 48.0
0.32504478, -9.0, 2.0, 33.0
0.6689644, -22.0, 3.0, 14.0
0.84276223, -47.0, 2.0, 35.0
0.19159353, -11.0, 2.0, 41.0
0.4886311, -44.0, 2.0, 43.0
0.29387268, -33.0, 2.0, 14.0
0.76499313, -9.0, 2.0, 31.0
0.34948602, -9.0, 2.0, 34.0
0.88392925, -23.0, 2.0, 14.0
0.3834144, -36.0, 2.0, 15.0
0.84931964, -12.0, 2.0, 22.0
0.56525195, -10.0, 2.0, 26.0
0.43302754, -17.0, 4.0, 16.0
0.8852671, -38.0, 2.0, 16.0
0.25770247, -10.0, 2.0, 39.0
0.8151595, -12.0, 2.0, 43.0
0.6898831, -47.0, 2.0, 29.0
0.76145244, -9.0, 2.0, 30.0
0.19779834, -20.0, 2.0, 15.0
0.78272986, -9.0, 2.0, 35.0
0.45042992, -47.0, 2.0, 36.0
0.1134661, -17.0, 4.0, 49.0
0.080553584, -38.0, 2.0, 49.0
0.03359981, -18.0, 2.0, 16.0
0.44777805, -42.0, 2.0, 19.0
0.0764963, -18.0, 2.0, 49.0
0.30184513, -34.0, 2.0, 14.0
0.27638322, -45.0, 2.0, 23.0
0.23605117, -9.0, 2.0, 29.0
0.43320328, -41.0, 2.0, 18.0
0.6506409, -9.0, 2.0, 36.0
0.29720905, -46.0, 2.0, 25.0
0.4220716, -42.0, 2.0, 46.0
0.24225397, -45.0, 2.0, 42.0
0.042440083, -22.0, 2.0, 14.0
0.7659648, -43.0, 2.0, 20.0
0.99101776, -47.0, 2.0, 28.0
0.9027865, -46.0, 2.0, 40.0
0.004293946, -41.0, 2.0, 47.0
0.0038748344, -28.0, 2.0, 13.0
0.59034216, -47.0, 2.0, 37.0
0.9832035, -14.0, 2.0, 19.0
0.09649576, -29.0, 2.0, 13.0
0.97489554, -27.0, 2.0, 13.0
0.2856521, -43.0, 2.0, 45.0
0.83117056, -15.0, 2.0, 18.0
0.24606831, -17.0, 3.0, 16.0
0.21751074, -40.0, 2.0, 17.0
0.48292008, -11.0, 2.0, 23.0
0.45142284, -14.0, 2.0, 46.0
0.78846633, -22.0, 5.0, 13.0
0.16886224, -30.0, 2.0, 13.0
0.42330384, -10.0, 2.0, 25.0
0.38895854, -15.0, 2.0, 47.0
0.8664498, -13.0, 2.0, 20.0
0.3497512, -11.0, 2.0, 42.0
0.9000211, -26.0, 2.0, 13.0
0.38742617, -17.0, 3.0, 49.0
0.7188735, -40.0, 2.0, 48.0
0.1768991, -10.0, 2.0, 40.0
0.62113714, -9.0, 2.0, 28.0
0.40598702, -37.0, 2.0, 15.0
0.30717808, -9.0, 2.0, 37.0
0.7479575, -13.0, 2.0, 45.0
0.9477886, -44.0, 2.0, 21.0
0.17266257, -16.0, 2.0, 17.0
0.6736547, -44.0, 2.0, 44.0
0.8051075, -31.0, 2.0, 13.0
0.5742795, -19.0, 2.0, 15.0
0.8281523, -16.0, 2.0, 48.0
0.4030968, -47.0, 2.0, 27.0
0.22469132, -25.0, 2.0, 13.0
0.084650815, -35.0, 2.0, 14.0
0.37133375, -47.0, 2.0, 38.0
0.5682407, -12.0, 2.0, 21.0
0.80317146, -39.0, 2.0, 16.0
0.21973866, -21.0, 2.0, 14.0
0.55613387, -22.0, 4.0, 13.0
0.57943493, -12.0, 2.0, 44.0
0.81381106, -46.0, 2.0, 24.0
0.1193991, -39.0, 2.0, 49.0
0.6091868, -17.0, 2.0, 16.0
0.4302686, -17.0, 5.0, 15.0
0.7938251, -9.0, 2.0, 27.0
0.76649404, -32.0, 2.0, 13.0
0.6386703, -46.0, 2.0, 41.0
0.9334274, -9.0, 2.0, 38.0
0.28834912, -24.0, 2.0, 13.0
0.35239378, -45.0, 2.0, 22.0
0.88693833, -17.0, 2.0, 49.0
0.6748356, -48.0, 2.0, 32.0
0.8254278, -48.0, 2.0, 33.0
0.3081685, -45.0, 2.0, 43.0
0.04304572, -10.0, 2.0, 24.0
0.57917976, -48.0, 2.0, 31.0
0.22532396, -48.0, 2.0, 34.0
0.30130348, -10.0, 2.0, 41.0
0.6759861, -47.0, 2.0, 26.0
0.17620152, -47.0, 2.0, 39.0
0.4578029, -11.0, 2.0, 22.0
0.584687, -22.0, 3.0, 13.0
0.47544095, -11.0, 2.0, 43.0
0.8846838, -33.0, 2.0, 13.0
0.65264547, -42.0, 2.0, 18.0
0.70278484, -48.0, 2.0, 30.0
0.39406472, -17.0, 4.0, 15.0
0.8898444, -38.0, 2.0, 15.0
0.54149824, -8.0, 2.0, 32.0
0.70932835, -48.0, 2.0, 35.0
0.9738073, -8.0, 2.0, 33.0
0.47989064, -36.0, 2.0, 14.0
0.5632682, -43.0, 2.0, 19.0
0.73150784, -23.0, 2.0, 13.0
0.10850115, -8.0, 2.0, 31.0
0.02877694, -42.0, 2.0, 47.0
0.10062178, -8.0, 2.0, 34.0
0.9275763, -9.0, 2.0, 26.0
0.24591823, -41.0, 2.0, 17.0
0.16474676, -20.0, 2.0, 14.0
0.8317498, -43.0, 2.0, 46.0
0.6279339, -18.0, 2.0, 15.0
0.56472677, -9.0, 2.0, 39.0
0.048029274, -14.0, 2.0, 18.0
0.97941124, -13.0, 2.0, 19.0
0.72417605, -41.0, 2.0, 48.0
0.97525585, -44.0, 2.0, 20.0
0.096100025, -48.0, 2.0, 29.0
0.3183702, -8.0, 2.0, 30.0
0.1762529, -48.0, 2.0, 36.0
0.887702, -8.0, 2.0, 35.0
0.9412044, -14.0, 2.0, 47.0
0.16269234, -15.0, 2.0, 17.0
0.8448028, -46.0, 2.0, 23.0
0.56738764, -13.0, 2.0, 46.0
0.88238126, -44.0, 2.0, 45.0
0.19596818, -46.0, 2.0, 42.0
0.72388446, -15.0, 2.0, 48.0
0.55390966, -40.0, 2.0, 16.0
0.6030129, -47.0, 2.0, 25.0
0.9303827, -34.0, 2.0, 13.0
0.048748292, -12.0, 2.0, 20.0
0.059490602, -17.0, 3.0, 15.0
0.46496826, -47.0, 2.0, 40.0
0.78465164, -8.0, 2.0, 29.0
0.6839511, -22.0, 2.0, 13.0
0.4815737, -8.0, 2.0, 36.0
0.26169246, -40.0, 2.0, 49.0
0.25619736, -12.0, 2.0, 45.0
0.6590314, -10.0, 2.0, 23.0
0.16567832, -48.0, 2.0, 28.0
0.91513795, -16.0, 2.0, 16.0
0.4295374, -48.0, 2.0, 37.0
0.71212834, -45.0, 2.0, 21.0
0.33675885, -10.0, 2.0, 42.0
0.23521926, -28.0, 2.0, 12.0
0.11071202, -29.0, 2.0, 12.0
0.22633967, -16.0, 2.0, 49.0
0.6807877, -45.0, 2.0, 44.0
0.52551335, -9.0, 2.0, 25.0
0.20667706, -27.0, 2.0, 12.0
0.9992791, -37.0, 2.0, 14.0
0.40300825, -9.0, 2.0, 40.0
0.515217, -22.0, 5.0, 12.0
0.5789408, -30.0, 2.0, 12.0
0.8732076, -26.0, 2.0, 12.0
0.71528137, -11.0, 2.0, 21.0
0.8249111, -8.0, 2.0, 28.0
0.4923254, -19.0, 2.0, 14.0
0.3712771, -8.0, 2.0, 37.0
0.6121748, -39.0, 2.0, 15.0
0.93247014, -11.0, 2.0, 44.0
0.95258397, -35.0, 2.0, 13.0
0.13483784, -48.0, 2.0, 27.0
0.48392192, -31.0, 2.0, 12.0
0.39549673, -17.0, 2.0, 15.0
0.68070704, -48.0, 2.0, 38.0
0.13742752, -25.0, 2.0, 12.0
0.5841025, -21.0, 2.0, 13.0
0.90794677, -17.0, 5.0, 14.0
0.20710282, -47.0, 2.0, 24.0
0.36297154, -46.0, 2.0, 22.0
0.62087464, -22.0, 4.0, 12.0
0.6211526, -47.0, 2.0, 41.0
0.585438, -43.0, 2.0, 18.0
0.87888926, -46.0, 2.0, 43.0
0.77281433, -42.0, 2.0, 17.0
0.04323883, -8.0, 2.0, 27.0
0.52377695, -8.0, 2.0, 38.0
0.009214916, -32.0, 2.0, 12.0
0.24389446, -43.0, 2.0, 47.0
0.7459659, -44.0, 2.0, 19.0
0.3097584, -24.0, 2.0, 12.0
0.61850625, -42.0, 2.0, 48.0
0.066862635, -9.0, 2.0, 24.0
0.054324336, -10.0, 2.0, 22.0
0.76690125, -13.0, 2.0, 18.0
0.3542269, -44.0, 2.0, 46.0
0.24025367, -9.0, 2.0, 41.0
0.8717424, -14.0, 2.0, 17.0
0.620732, -41.0, 2.0, 16.0
0.063453905, -10.0, 2.0, 43.0
0.4414982, -49.0, 2.0, 32.0
0.80255914, -49.0, 2.0, 33.0
0.0762776, -48.0, 2.0, 26.0
0.4991753, -13.0, 2.0, 47.0
0.49706683, -17.0, 4.0, 14.0
0.7734525, -38.0, 2.0, 14.0
0.112569965, -12.0, 2.0, 19.0
0.8621062, -48.0, 2.0, 39.0
0.51031476, -14.0, 2.0, 48.0
0.42680374, -49.0, 2.0, 31.0
0.9851591, -49.0, 2.0, 34.0
0.68586713, -41.0, 2.0, 49.0
0.048668627, -36.0, 2.0, 13.0
0.66151524, -45.0, 2.0, 20.0
0.6942339, -12.0, 2.0, 46.0
0.066530816, -15.0, 2.0, 16.0
0.07402452, -22.0, 3.0, 12.0
0.8305914, -18.0, 2.0, 14.0
0.7238013, -33.0, 2.0, 12.0
0.26195952, -45.0, 2.0, 45.0
0.3637013, -49.0, 2.0, 30.0
0.2698274, -20.0, 2.0, 13.0
0.18647511, -49.0, 2.0, 35.0
0.24201739, -23.0, 2.0, 12.0
0.014021613, -7.0, 2.0, 32.0
0.028244346, -7.0, 2.0, 33.0
0.6187785, -15.0, 2.0, 49.0
0.85765743, -8.0, 2.0, 26.0
0.24456795, -8.0, 2.0, 39.0
0.8984432, -7.0, 2.0, 31.0
0.06346597, -7.0, 2.0, 34.0
0.91504633, -11.0, 2.0, 20.0
0.12838902, -40.0, 2.0, 15.0
0.10384394, -47.0, 2.0, 23.0
0.7482196, -11.0, 2.0, 45.0
0.5903045, -47.0, 2.0, 42.0
0.061907392, -49.0, 2.0, 29.0
0.28981134, -17.0, 3.0, 14.0
0.62418014, -49.0, 2.0, 36.0
0.30110314, -7.0, 2.0, 30.0
0.7580059, -16.0, 2.0, 15.0
0.78696084, -7.0, 2.0, 35.0
0.26312104, -46.0, 2.0, 21.0
0.36327308, -48.0, 2.0, 25.0
0.29674783, -9.0, 2.0, 23.0
0.46747512, -34.0, 2.0, 12.0
0.12867735, -48.0, 2.0, 40.0
0.50374585, -46.0, 2.0, 44.0
0.30041113, -9.0, 2.0, 42.0
0.89905185, -22.0, 2.0, 12.0
0.0348929, -7.0, 2.0, 29.0
0.57556, -7.0, 2.0, 36.0
0.6129945, -49.0, 2.0, 28.0
0.91614246, -10.0, 2.0, 21.0
0.68444926, -37.0, 2.0, 13.0
0.6263306, -49.0, 2.0, 37.0
0.95907944, -8.0, 2.0, 25.0
0.17442957, -8.0, 2.0, 40.0
0.53929365, -10.0, 2.0, 44.0
0.808494, -39.0, 2.0, 14.0
0.9329083, -19.0, 2.0, 13.0
0.7320317, -43.0, 2.0, 17.0
0.91798246, -44.0, 2.0, 18.0
0.4878026, -17.0, 2.0, 14.0
0.32576644, -7.0, 2.0, 28.0
0.20971091, -43.0, 2.0, 48.0
0.1369105, -42.0, 2.0, 16.0
0.30596128, -7.0, 2.0, 37.0
0.23823123, -44.0, 2.0, 47.0
0.62239957, -13.0, 2.0, 17.0
0.7166955, -35.0, 2.0, 12.0
0.8839577, -42.0, 2.0, 49.0
0.64357877, -47.0, 2.0, 22.0
0.545651, -45.0, 2.0, 19.0
0.16034162, -17.0, 5.0, 13.0
0.31455553, -49.0, 2.0, 27.0
0.069615215, -12.0, 2.0, 18.0
0.88315743, -49.0, 2.0, 38.0
0.57640487, -48.0, 2.0, 24.0
0.58558226, -21.0, 2.0, 12.0
0.8484255, -13.0, 2.0, 48.0
0.1352685, -14.0, 2.0, 16.0
0.468236, -47.0, 2.0, 43.0
0.60005814, -45.0, 2.0, 46.0
0.9470104, -48.0, 2.0, 41.0
0.7334821, -12.0, 2.0, 47.0
0.33947808, -14.0, 2.0, 49.0
0.5148759, -41.0, 2.0, 15.0
0.73650724, -11.0, 2.0, 19.0
0.70216864, -9.0, 2.0, 22.0
0.37634748, -7.0, 2.0, 27.0
0.7066557, -8.0, 2.0, 24.0
0.1836688, -7.0, 2.0, 38.0
0.6363281, -11.0, 2.0, 46.0
0.35882792, -9.0, 2.0, 43.0
0.7915644, -15.0, 2.0, 15.0
0.8554988, -8.0, 2.0, 41.0
0.7429704, -46.0, 2.0, 20.0
0.12575948, -17.0, 4.0, 13.0
0.7753001, -38.0, 2.0, 13.0
0.8164206, -46.0, 2.0, 45.0
0.48374596, -49.0, 2.0, 26.0
0.3729061, -18.0, 2.0, 13.0
0.59010947, -49.0, 2.0, 39.0
0.9670826, -50.0, 2.0, 32.0
0.17774396, -50.0, 2.0, 33.0
0.29843593, -36.0, 2.0, 12.0
0.9876183, -10.0, 2.0, 20.0
0.62487817, -50.0, 2.0, 31.0
0.77591515, -40.0, 2.0, 14.0
0.62685126, -50.0, 2.0, 34.0
0.9994197, -20.0, 2.0, 12.0
0.17848775, -10.0, 2.0, 45.0
0.90236425, -7.0, 2.0, 26.0
0.8402556, -48.0, 2.0, 23.0
0.95177776, -16.0, 2.0, 14.0
0.4622244, -50.0, 2.0, 30.0
0.17279568, -50.0, 2.0, 35.0
0.024948124, -7.0, 2.0, 39.0
0.32647136, -6.0, 2.0, 32.0
0.090692, -6.0, 2.0, 33.0
0.7466878, -48.0, 2.0, 42.0
0.6016853, -17.0, 3.0, 13.0
0.5967128, -47.0, 2.0, 21.0
0.3702424, -6.0, 2.0, 31.0
0.047306046, -6.0, 2.0, 34.0
0.34955394, -47.0, 2.0, 44.0
0.5352435, -44.0, 2.0, 17.0
0.56094253, -50.0, 2.0, 29.0
0.5924584, -8.0, 2.0, 23.0
0.55624837, -50.0, 2.0, 36.0
0.39112058, -49.0, 2.0, 25.0
0.2012416, -6.0, 2.0, 30.0
0.9189331, -43.0, 2.0, 16.0
0.8316484, -6.0, 2.0, 35.0
0.7623745, -8.0, 2.0, 42.0
0.927252, -49.0, 2.0, 40.0
0.65484786, -44.0, 2.0, 48.0
0.10694521, -9.0, 2.0, 21.0
0.9536298, -45.0, 2.0, 18.0
0.7195375, -43.0, 2.0, 49.0
0.8966806, -9.0, 2.0, 44.0
0.60816354, -12.0, 2.0, 17.0
0.10094599, -45.0, 2.0, 47.0
0.7925256, -39.0, 2.0, 13.0
0.18153833, -37.0, 2.0, 12.0
0.14078146, -13.0, 2.0, 16.0
0.37055093, -42.0, 2.0, 15.0
0.40514028, -6.0, 2.0, 29.0
0.51026195, -7.0, 2.0, 25.0
0.8512492, -6.0, 2.0, 36.0
0.09380025, -12.0, 2.0, 48.0
0.7159758, -50.0, 2.0, 28.0
0.07325256, -11.0, 2.0, 18.0
0.7415604, -13.0, 2.0, 49.0
0.7876132, -19.0, 2.0, 12.0
0.43231, -7.0, 2.0, 40.0
0.5584442, -50.0, 2.0, 37.0
0.60463154, -17.0, 2.0, 13.0
0.627798, -46.0, 2.0, 19.0
0.4094815, -14.0, 2.0, 15.0
0.17963794, -11.0, 2.0, 47.0
0.7210957, -46.0, 2.0, 46.0
0.09209411, -48.0, 2.0, 22.0
0.54563284, -6.0, 2.0, 28.0
0.853449, -17.0, 5.0, 12.0
0.6122192, -41.0, 2.0, 14.0
0.17042221, -10.0, 2.0, 19.0
0.28654617, -48.0, 2.0, 43.0
0.27441093, -6.0, 2.0, 37.0
0.37900093, -49.0, 2.0, 24.0
0.75174886, -10.0, 2.0, 46.0
0.8062765, -50.0, 2.0, 27.0
0.99031675, -49.0, 2.0, 41.0
0.6741151, -50.0, 2.0, 38.0
0.54013383, -15.0, 2.0, 14.0
0.4615135, -8.0, 2.0, 22.0
0.963668, -47.0, 2.0, 20.0
0.15121195, -8.0, 2.0, 43.0
0.12694491, -47.0, 2.0, 45.0
0.4310791, -7.0, 2.0, 24.0
0.520141, -17.0, 4.0, 12.0
0.3151886, -38.0, 2.0, 12.0
0.6518871, -7.0, 2.0, 41.0
0.54669476, -6.0, 2.0, 27.0
0.031269144, -6.0, 2.0, 38.0
0.057398424, -9.0, 2.0, 20.0
0.82240874, -18.0, 2.0, 12.0
0.19712962, -40.0, 2.0, 13.0
0.15607797, -9.0, 2.0, 45.0
0.8013651, -50.0, 2.0, 26.0
0.92920935, -50.0, 2.0, 39.0
0.8450657, -44.0, 2.0, 16.0
0.97520065, -16.0, 2.0, 13.0
0.10742081, -45.0, 2.0, 17.0
0.8949903, -44.0, 2.0, 49.0
0.13449496, -49.0, 2.0, 23.0
0.8910386, -43.0, 2.0, 15.0
0.78878975, -45.0, 2.0, 48.0
0.32425156, -17.0, 3.0, 12.0
0.7861879, -48.0, 2.0, 21.0
0.7388229, -49.0, 2.0, 42.0
0.076988876, -6.0, 2.0, 26.0
0.9838521, -12.0, 2.0, 16.0
0.47975016, -48.0, 2.0, 44.0
0.15596907, -6.0, 2.0, 39.0
0.14101997, -46.0, 2.0, 18.0
0.13721731, -11.0, 2.0, 17.0
0.70301193, -12.0, 2.0, 49.0
0.89090985, -13.0, 2.0, 15.0
0.3126783, -46.0, 2.0, 47.0
0.6794885, -5.0, 2.0, 32.0
0.11296816, -5.0, 2.0, 33.0
0.39762568, -11.0, 2.0, 48.0
0.6994049, -7.0, 2.0, 23.0
0.0765747, -8.0, 2.0, 21.0
0.29721805, -42.0, 2.0, 14.0
0.7583862, -5.0, 2.0, 31.0
0.47646132, -5.0, 2.0, 34.0
0.6979822, -7.0, 2.0, 42.0
0.95082545, -10.0, 2.0, 18.0
0.7047507, -50.0, 2.0, 25.0
0.041806526, -8.0, 2.0, 44.0
0.25145838, -50.0, 2.0, 40.0
0.3907506, -39.0, 2.0, 12.0
0.26566845, -10.0, 2.0, 47.0
0.38990787, -5.0, 2.0, 30.0
0.6769038, -14.0, 2.0, 14.0
0.018479364, -5.0, 2.0, 35.0
0.36155552, -47.0, 2.0, 19.0
0.5148196, -17.0, 2.0, 12.0
0.037667926, -47.0, 2.0, 46.0
0.81120247, -6.0, 2.0, 25.0
0.48451653, -6.0, 2.0, 40.0
0.3882132, -5.0, 2.0, 29.0
0.65926003, -9.0, 2.0, 19.0
0.17287405, -5.0, 2.0, 36.0
0.45741692, -41.0, 2.0, 13.0
0.07464641, -49.0, 2.0, 22.0
0.008668453, -9.0, 2.0, 46.0
0.5087061, -49.0, 2.0, 43.0
0.14830144, -15.0, 2.0, 13.0
0.84420866, -48.0, 2.0, 20.0
0.5818985, -50.0, 2.0, 24.0
0.7001303, -5.0, 2.0, 28.0
0.9316931, -5.0, 2.0, 37.0
0.7217824, -50.0, 2.0, 41.0
0.37300012, -7.0, 2.0, 22.0
0.251987, -48.0, 2.0, 45.0
0.6345961, -7.0, 2.0, 43.0
0.7725115, -45.0, 2.0, 16.0
0.3347735, -44.0, 2.0, 15.0
0.2596767, -8.0, 2.0, 20.0
0.6825656, -6.0, 2.0, 24.0
0.5646692, -45.0, 2.0, 49.0
0.6095024, -46.0, 2.0, 17.0
0.5012361, -6.0, 2.0, 41.0
0.16999514, -8.0, 2.0, 45.0
0.67397, -40.0, 2.0, 12.0
0.20748037, -5.0, 2.0, 27.0
0.8977775, -11.0, 2.0, 16.0
0.6188134, -46.0, 2.0, 48.0
0.79747105, -5.0, 2.0, 38.0
0.24175954, -12.0, 2.0, 15.0
0.30545706, -43.0, 2.0, 14.0
0.26106945, -16.0, 2.0, 12.0
0.030560497, -11.0, 2.0, 49.0
0.7894637, -10.0, 2.0, 17.0
0.10311345, -47.0, 2.0, 18.0
0.78342515, -13.0, 2.0, 14.0
0.12713137, -10.0, 2.0, 48.0
0.94317377, -49.0, 2.0, 21.0
0.3219453, -47.0, 2.0, 47.0
0.6053631, -50.0, 2.0, 23.0
0.1108921, -49.0, 2.0, 44.0
0.6403066, -50.0, 2.0, 42.0
0.12707275, -42.0, 2.0, 13.0
0.92795634, -9.0, 2.0, 18.0
0.43486482, -5.0, 2.0, 26.0
0.41407177, -5.0, 2.0, 39.0
0.30555424, -9.0, 2.0, 47.0
0.986337, -7.0, 2.0, 21.0
0.9964757, -14.0, 2.0, 13.0
0.29650652, -6.0, 2.0, 23.0
0.041406993, -7.0, 2.0, 44.0
0.16653717, -48.0, 2.0, 19.0
0.7072421, -6.0, 2.0, 42.0
0.7222513, -4.0, 2.0, 32.0
0.6654055, -4.0, 2.0, 33.0
0.90616775, -48.0, 2.0, 46.0
0.98891324, -4.0, 2.0, 31.0
0.43114406, -4.0, 2.0, 34.0
0.25590965, -8.0, 2.0, 19.0
0.58843756, -41.0, 2.0, 12.0
0.52202296, -4.0, 2.0, 30.0
0.04837406, -4.0, 2.0, 35.0
0.9366995, -8.0, 2.0, 46.0
0.9603054, -5.0, 2.0, 25.0
0.8081638, -5.0, 2.0, 40.0
0.23285133, -15.0, 2.0, 12.0
0.46877244, -50.0, 2.0, 22.0
0.9580957, -45.0, 2.0, 15.0
0.62389445, -50.0, 2.0, 43.0
0.027610913, -4.0, 2.0, 29.0
0.26528183, -46.0, 2.0, 16.0
0.20769899, -4.0, 2.0, 36.0
0.24204274, -49.0, 2.0, 20.0
0.3204857, -44.0, 2.0, 14.0
0.2722763, -46.0, 2.0, 49.0
0.8815159, -49.0, 2.0, 45.0
0.37526962, -11.0, 2.0, 15.0
0.12894575, -6.0, 2.0, 22.0
0.25262266, -47.0, 2.0, 17.0
0.04059377, -10.0, 2.0, 16.0
0.15710932, -6.0, 2.0, 43.0
0.7599154, -12.0, 2.0, 14.0
0.8864732, -7.0, 2.0, 20.0
0.06794266, -47.0, 2.0, 48.0
0.117303856, -4.0, 2.0, 28.0
0.7635445, -4.0, 2.0, 37.0
0.75886494, -10.0, 2.0, 49.0
0.30780825, -43.0, 2.0, 13.0
0.031100698, -7.0, 2.0, 45.0
0.9993233, -9.0, 2.0, 17.0
0.7435144, -5.0, 2.0, 24.0
0.5657166, -9.0, 2.0, 48.0
0.7262848, -5.0, 2.0, 41.0
0.06359514, -48.0, 2.0, 18.0
0.5115976, -13.0, 2.0, 13.0
0.695396, -48.0, 2.0, 47.0
0.41706684, -4.0, 2.0, 27.0
0.7894348, -4.0, 2.0, 38.0
0.8952829, -50.0, 2.0, 21.0
0.101219185, -8.0, 2.0, 18.0
0.90055186, -42.0, 2.0, 12.0
0.52302504, -50.0, 2.0, 44.0
0.6180101, -8.0, 2.0, 47.0
0.6185993, -14.0, 2.0, 12.0
0.99936366, -6.0, 2.0, 21.0
0.40507647, -49.0, 2.0, 19.0
0.46698445, -6.0, 2.0, 44.0
0.8998113, -49.0, 2.0, 46.0
0.96310186, -4.0, 2.0, 26.0
0.9415024, -5.0, 2.0, 23.0
0.32808453, -4.0, 2.0, 39.0
0.129, -5.0, 2.0, 42.0
0.15166026, -7.0, 2.0, 19.0
0.73447144, -46.0, 2.0, 15.0
0.6293544, -45.0, 2.0, 14.0
0.6176738, -7.0, 2.0, 46.0
0.21503688, -47.0, 2.0, 16.0
0.3631273, -3.0, 2.0, 32.0
0.6464819, -3.0, 2.0, 33.0
0.59077513, -3.0, 2.0, 31.0
0.1571166, -3.0, 2.0, 34.0
0.052677747, -10.0, 2.0, 15.0
0.81213737, -47.0, 2.0, 49.0
0.26345393, -44.0, 2.0, 13.0
0.12501083, -11.0, 2.0, 14.0
0.95121896, -9.0, 2.0, 16.0
0.6407778, -3.0, 2.0, 30.0
0.12996224, -3.0, 2.0, 35.0
0.50088775, -4.0, 2.0, 25.0
0.5455763, -50.0, 2.0, 20.0
0.13149376, -48.0, 2.0, 17.0
0.23862633, -4.0, 2.0, 40.0
0.88983065, -12.0, 2.0, 13.0
0.9906056, -9.0, 2.0, 49.0
0.5437056, -50.0, 2.0, 45.0
0.11064126, -48.0, 2.0, 48.0
0.8951112, -3.0, 2.0, 29.0
0.90081406, -43.0, 2.0, 12.0
0.2539922, -3.0, 2.0, 36.0
0.8754728, -5.0, 2.0, 22.0
0.15136844, -8.0, 2.0, 17.0
0.4588229, -6.0, 2.0, 20.0
0.99706054, -5.0, 2.0, 43.0
0.14193945, -8.0, 2.0, 48.0
0.94653314, -6.0, 2.0, 45.0
0.53210926, -13.0, 2.0, 12.0
0.16984147, -49.0, 2.0, 18.0
0.101588294, -3.0, 2.0, 28.0
0.90494126, -49.0, 2.0, 47.0
0.85762733, -3.0, 2.0, 37.0
0.034924574, -4.0, 2.0, 24.0
0.36976495, -4.0, 2.0, 41.0
0.6269303, -7.0, 2.0, 18.0
0.25332457, -7.0, 2.0, 47.0
0.59802026, -3.0, 2.0, 27.0
0.10981924, -3.0, 2.0, 38.0
0.88431406, -50.0, 2.0, 19.0
0.24623084, -46.0, 2.0, 14.0
0.6538648, -47.0, 2.0, 15.0
0.05717595, -5.0, 2.0, 21.0
0.9564835, -50.0, 2.0, 46.0
0.4687147, -45.0, 2.0, 13.0
0.9959597, -5.0, 2.0, 44.0
0.16253965, -10.0, 2.0, 14.0
0.9584825, -48.0, 2.0, 16.0
0.6676628, -6.0, 2.0, 19.0
0.06776408, -9.0, 2.0, 15.0
0.70729107, -4.0, 2.0, 23.0
0.5602588, -11.0, 2.0, 13.0
0.19575447, -48.0, 2.0, 49.0
0.39643538, -3.0, 2.0, 26.0
0.9091724, -4.0, 2.0, 42.0
0.32539207, -6.0, 2.0, 46.0
0.40966585, -3.0, 2.0, 39.0
0.99493885, -44.0, 2.0, 12.0
0.23264755, -8.0, 2.0, 16.0
0.007953167, -49.0, 2.0, 17.0
0.4869537, -8.0, 2.0, 49.0
0.5443255, -12.0, 2.0, 12.0
0.8458614, -49.0, 2.0, 48.0
0.53774905, -2.0, 2.0, 32.0
0.79153144, -2.0, 2.0, 33.0
0.5752011, -2.0, 2.0, 31.0
0.9249138, -2.0, 2.0, 34.0
0.09706042, -7.0, 2.0, 17.0
0.06706529, -3.0, 2.0, 25.0
0.05589025, -3.0, 2.0, 40.0
0.7962002, -7.0, 2.0, 48.0
0.6460804, -2.0, 2.0, 30.0
0.4182818, -2.0, 2.0, 35.0
0.76452005, -5.0, 2.0, 20.0
0.22886157, -4.0, 2.0, 22.0
0.48961374, -50.0, 2.0, 18.0
0.25209236, -5.0, 2.0, 45.0
0.5732305, -4.0, 2.0, 43.0
0.54192495, -50.0, 2.0, 47.0
0.9941982, -2.0, 2.0, 29.0
0.09360418, -2.0, 2.0, 36.0
0.30494067, -6.0, 2.0, 18.0
0.57450515, -47.0, 2.0, 14.0
0.36266118, -6.0, 2.0, 47.0
0.4665013, -46.0, 2.0, 13.0
0.13657956, -2.0, 2.0, 28.0
0.9824763, -3.0, 2.0, 24.0
0.45222536, -2.0, 2.0, 37.0
0.8329438, -48.0, 2.0, 15.0
0.61741424, -3.0, 2.0, 41.0
0.7713131, -9.0, 2.0, 14.0
0.98263043, -45.0, 2.0, 12.0
0.9250463, -10.0, 2.0, 13.0
0.24708703, -8.0, 2.0, 15.0
0.45233738, -49.0, 2.0, 16.0
0.12233808, -2.0, 2.0, 27.0
0.668162, -11.0, 2.0, 12.0
0.21519828, -2.0, 2.0, 38.0
0.718399, -4.0, 2.0, 21.0
0.3637388, -49.0, 2.0, 49.0
0.29561222, -4.0, 2.0, 44.0
0.3427487, -5.0, 2.0, 19.0
0.075053975, -7.0, 2.0, 16.0
0.80238265, -5.0, 2.0, 46.0
0.18516506, -7.0, 2.0, 49.0
0.48548126, -3.0, 2.0, 23.0
0.43459752, -50.0, 2.0, 17.0
0.4206049, -3.0, 2.0, 42.0
0.40948156, -2.0, 2.0, 26.0
0.66014004, -50.0, 2.0, 48.0
0.282843, -2.0, 2.0, 39.0
0.7425214, -6.0, 2.0, 17.0
0.985911, -6.0, 2.0, 48.0
0.9368887, -1.0, 2.0, 32.0
0.662332, -1.0, 2.0, 33.0
0.27521843, -4.0, 2.0, 20.0
0.3354322, -1.0, 2.0, 31.0
0.7046092, -1.0, 2.0, 34.0
0.88069564, -2.0, 2.0, 25.0
0.4800648, -47.0, 2.0, 13.0
0.5161998, -2.0, 2.0, 40.0
0.26052698, -4.0, 2.0, 45.0
0.5491795, -48.0, 2.0, 14.0
0.62842387, -3.0, 2.0, 22.0
0.3840717, -1.0, 2.0, 30.0
0.80158556, -1.0, 2.0, 35.0
0.28388128, -46.0, 2.0, 12.0
0.78764623, -3.0, 2.0, 43.0
0.95065355, -5.0, 2.0, 18.0
0.8022208, -49.0, 2.0, 15.0
0.16104047, -9.0, 2.0, 13.0
0.3560747, -8.0, 2.0, 14.0
0.85881495, -5.0, 2.0, 47.0
0.45166036, -1.0, 2.0, 29.0
0.8077588, -10.0, 2.0, 12.0
0.019894606, -1.0, 2.0, 36.0
0.0762927, -7.0, 2.0, 15.0
0.29360119, -50.0, 2.0, 16.0
0.8308179, -2.0, 2.0, 24.0
0.7400144, -2.0, 2.0, 41.0
0.6199111, -1.0, 2.0, 28.0
0.46209544, -1.0, 2.0, 37.0
0.13880093, -50.0, 2.0, 49.0
0.39376256, -6.0, 2.0, 16.0
0.36611527, -3.0, 2.0, 21.0
0.93969905, -4.0, 2.0, 19.0
0.59651357, -6.0, 2.0, 49.0
0.99403995, -3.0, 2.0, 44.0
0.77792543, -1.0, 2.0, 27.0
0.07741672, -4.0, 2.0, 46.0
0.36573845, -1.0, 2.0, 38.0
0.987665, -2.0, 2.0, 23.0
0.6840841, -2.0, 2.0, 42.0
0.21070209, -5.0, 2.0, 17.0
0.2326469, -5.0, 2.0, 48.0
0.9950052, -1.0, 2.0, 26.0
0.08308438, -48.0, 2.0, 13.0
0.5817481, -1.0, 2.0, 39.0
0.19973026, -47.0, 2.0, 12.0
0.49458534, -49.0, 2.0, 14.0
0.3129293, -8.0, 2.0, 13.0
0.9355304, -9.0, 2.0, 12.0
0.6289026, -3.0, 2.0, 20.0
0.37921873, -7.0, 2.0, 14.0
0.8268872, -50.0, 2.0, 15.0
0.09554245, -3.0, 2.0, 45.0
0.26246548, 0.0, 2.0, 32.0
0.014305121, 0.0, 2.0, 33.0
0.2461721, -4.0, 2.0, 18.0
0.5448868, -1.0, 2.0, 25.0
0.5199139, -2.0, 2.0, 22.0
0.41429433, -1.0, 2.0, 40.0
0.32239267, 0.0, 2.0, 31.0
0.5393659, 0.0, 2.0, 34.0
0.5711039, -2.0, 2.0, 43.0
0.41991347, -4.0, 2.0, 47.0
0.9357757, -6.0, 2.0, 15.0
0.56143886, 0.0, 2.0, 30.0
0.82008696, 0.0, 2.0, 35.0
0.3066086, 0.0, 2.0, 29.0
0.27958652, 0.0, 2.0, 36.0
0.9873914, -5.0, 2.0, 16.0
0.5989613, -1.0, 2.0, 24.0
0.083752595, -1.0, 2.0, 41.0
0.9368304, -5.0, 2.0, 49.0
0.68478835, 0.0, 2.0, 28.0
0.06737317, 0.0, 2.0, 37.0
0.8545231, -3.0, 2.0, 19.0
0.64223516, -2.0, 2.0, 21.0
0.88325834, -3.0, 2.0, 46.0
0.5408454, -2.0, 2.0, 44.0
0.99795544, -48.0, 2.0, 12.0
0.14067788, -49.0, 2.0, 13.0
0.068884715, 0.0, 2.0, 27.0
0.72989565, -4.0, 2.0, 17.0
0.607527, 0.0, 2.0, 38.0
0.7026328, -4.0, 2.0, 48.0
0.84095377, -50.0, 2.0, 14.0
0.661949, -8.0, 2.0, 12.0
0.5747321, -1.0, 2.0, 23.0
0.53788257, -7.0, 2.0, 13.0
0.63953847, -1.0, 2.0, 42.0
0.37933567, -6.0, 2.0, 14.0
0.9414561, 0.0, 2.0, 26.0
0.56064785, 0.0, 2.0, 39.0
0.0033719402, -2.0, 2.0, 20.0
0.85920656, -2.0, 2.0, 45.0
0.6615609, -5.0, 2.0, 15.0
0.7024548, -3.0, 2.0, 18.0
0.5496911, -3.0, 2.0, 47.0
0.9849858, -1.0, 2.0, 22.0
0.7099448, 0.0, 2.0, 25.0
0.2434747, -1.0, 2.0, 43.0
0.18120869, 0.0, 2.0, 40.0
0.8140205, 1.0, 2.0, 32.0
0.55644035, 1.0, 2.0, 33.0
0.43873274, 1.0, 2.0, 31.0
0.12009728, 1.0, 2.0, 34.0
0.83237576, -4.0, 2.0, 16.0
0.3822675, 1.0, 2.0, 30.0
0.0524978, 1.0, 2.0, 35.0
0.24484591, -4.0, 2.0, 49.0
0.3652629, -49.0, 2.0, 12.0
0.058358654, 1.0, 2.0, 29.0
0.28232968, 1.0, 2.0, 36.0
0.8630764, -50.0, 2.0, 13.0
0.82037705, 0.0, 2.0, 24.0
0.8277253, -2.0, 2.0, 19.0
0.953673, 0.0, 2.0, 41.0
0.49188352, -7.0, 2.0, 12.0
0.9814601, -2.0, 2.0, 46.0
0.83813673, -1.0, 2.0, 21.0
0.79655206, 1.0, 2.0, 28.0
0.43698868, -6.0, 2.0, 13.0
0.14069341, 1.0, 2.0, 37.0
0.15673395, -1.0, 2.0, 44.0
0.077834226, -3.0, 2.0, 17.0
0.9629744, -3.0, 2.0, 48.0
0.46106488, -5.0, 2.0, 14.0
0.6648008, 1.0, 2.0, 27.0
0.855695, 1.0, 2.0, 38.0
0.62909305, 0.0, 2.0, 23.0
0.59364206, 0.0, 2.0, 42.0
0.27877045, -4.0, 2.0, 15.0
0.6473296, 1.0, 2.0, 26.0
0.928619, 1.0, 2.0, 39.0
0.23972405, -1.0, 2.0, 20.0
0.2726412, -2.0, 2.0, 18.0
0.35662195, -1.0, 2.0, 45.0
0.7144423, -2.0, 2.0, 47.0
0.044133205, 0.0, 2.0, 22.0
0.08733316, -50.0, 2.0, 12.0
0.89539546, 0.0, 2.0, 43.0
0.019575175, -3.0, 2.0, 16.0
0.9334461, 1.0, 2.0, 25.0
0.90411335, 1.0, 2.0, 40.0
0.05003354, -3.0, 2.0, 49.0
0.78847235, 2.0, 2.0, 32.0
0.7717535, 2.0, 2.0, 33.0
0.4320727, -6.0, 2.0, 12.0
0.79467255, 2.0, 2.0, 31.0
0.7235407, 2.0, 2.0, 34.0
0.9965768, 2.0, 2.0, 30.0
0.81373733, 2.0, 2.0, 35.0
0.43283334, -5.0, 2.0, 13.0
0.9209415, -1.0, 2.0, 19.0
0.7188593, -1.0, 2.0, 46.0
0.28824925, 2.0, 2.0, 29.0
0.6612722, 1.0, 2.0, 24.0
0.22076368, 2.0, 2.0, 36.0
0.62348735, 1.0, 2.0, 41.0
0.2681525, -2.0, 2.0, 17.0
0.89299566, 0.0, 2.0, 21.0
0.2288758, -4.0, 2.0, 14.0
0.8905873, 0.0, 2.0, 44.0
0.78367317, -2.0, 2.0, 48.0
0.9507977, 2.0, 2.0, 28.0
0.78123707, 2.0, 2.0, 37.0
0.27288297, -3.0, 2.0, 15.0
0.82748246, 2.0, 2.0, 27.0
0.5483421, 1.0, 2.0, 23.0
0.2161777, 2.0, 2.0, 38.0
0.41068676, 1.0, 2.0, 42.0
0.99328405, -1.0, 2.0, 18.0
0.81272733, 0.0, 2.0, 20.0
0.19613451, -1.0, 2.0, 47.0
0.44363678, 0.0, 2.0, 45.0
0.9431681, 2.0, 2.0, 26.0
0.4706332, 2.0, 2.0, 39.0
0.9775526, -2.0, 2.0, 16.0
0.987082, -5.0, 2.0, 12.0
0.6615262, -2.0, 2.0, 49.0
0.21956621, 1.0, 2.0, 22.0
0.966143, 1.0, 2.0, 43.0
0.581056, -4.0, 2.0, 13.0
0.15742354, 2.0, 2.0, 25.0
0.23638096, 2.0, 2.0, 40.0
0.114411235, 3.0, 2.0, 32.0
0.79106903, 3.0, 2.0, 33.0
0.2626747, 3.0, 2.0, 31.0
0.7371715, 3.0, 2.0, 34.0
0.21934836, 0.0, 2.0, 19.0
0.24248675, -3.0, 2.0, 14.0
0.4394724, 0.0, 2.0, 46.0
0.99578923, 3.0, 2.0, 30.0
0.46040317, -1.0, 2.0, 17.0
0.0040544737, 3.0, 2.0, 35.0
0.05927018, -1.0, 2.0, 48.0
0.2526588, 2.0, 2.0, 24.0
0.5813307, 1.0, 2.0, 21.0
0.9011629, 2.0, 2.0, 41.0
0.44371966, 3.0, 2.0, 29.0
0.5012273, 3.0, 2.0, 36.0
0.96423787, 1.0, 2.0, 44.0
0.5357418, -2.0, 2.0, 15.0
0.068817444, 3.0, 2.0, 28.0
0.2262953, 3.0, 2.0, 37.0
0.47012532, 2.0, 2.0, 23.0
0.017206583, 3.0, 2.0, 27.0
0.7250159, 2.0, 2.0, 42.0
0.7866441, 3.0, 2.0, 38.0
0.32744944, 0.0, 2.0, 18.0
0.6676718, -4.0, 2.0, 12.0
0.098904446, 0.0, 2.0, 47.0
0.28378567, 1.0, 2.0, 20.0
0.53870577, 1.0, 2.0, 45.0
0.2546851, -1.0, 2.0, 16.0
0.19617037, -1.0, 2.0, 49.0
0.43932766, 3.0, 2.0, 26.0
0.24476199, -3.0, 2.0, 13.0
0.6260232, 3.0, 2.0, 39.0
0.26089802, 2.0, 2.0, 22.0
0.21535768, 2.0, 2.0, 43.0
0.23764475, -2.0, 2.0, 14.0
0.9736317, 3.0, 2.0, 25.0
0.36286852, 3.0, 2.0, 40.0
0.655418, 1.0, 2.0, 19.0
0.34471074, 0.0, 2.0, 17.0
0.33757952, 1.0, 2.0, 46.0
0.62237257, 4.0, 2.0, 32.0
0.698053, 4.0, 2.0, 33.0
0.72061014, 0.0, 2.0, 48.0
0.37593576, 4.0, 2.0, 31.0
0.12115072, 4.0, 2.0, 34.0
0.520578, 4.0, 2.0, 30.0
0.17817609, 4.0, 2.0, 35.0
0.8727696, 2.0, 2.0, 21.0
0.9084278, 3.0, 2.0, 24.0
0.30763033, 2.0, 2.0, 44.0
0.565351, -1.0, 2.0, 15.0
0.93400896, 3.0, 2.0, 41.0
0.15260811, 4.0, 2.0, 29.0
0.20722955, 4.0, 2.0, 36.0
0.8524865, -3.0, 2.0, 12.0
0.32968587, 4.0, 2.0, 28.0
0.41205186, 4.0, 2.0, 37.0
0.6364859, 1.0, 2.0, 18.0
0.03283117, 3.0, 2.0, 23.0
0.98113334, 3.0, 2.0, 42.0
0.2024522, 1.0, 2.0, 47.0
0.029760787, -2.0, 2.0, 13.0
0.15874624, 4.0, 2.0, 27.0
0.16298887, 0.0, 2.0, 16.0
0.5236864, 4.0, 2.0, 38.0
0.58399874, 2.0, 2.0, 20.0
0.8371657, 2.0, 2.0, 45.0
0.5923982, 0.0, 2.0, 49.0
0.7756142, 4.0, 2.0, 26.0
0.5491107, 4.0, 2.0, 39.0
0.29004484, -1.0, 2.0, 14.0
0.21160269, 3.0, 2.0, 22.0
0.54014915, 3.0, 2.0, 43.0
0.13570681, 1.0, 2.0, 17.0
0.64901686, 4.0, 2.0, 25.0
0.13513118, 2.0, 2.0, 19.0
0.036030095, 4.0, 2.0, 40.0
0.1681377, 1.0, 2.0, 48.0
0.4982039, 2.0, 2.0, 46.0
0.9291086, 0.0, 2.0, 15.0
0.66307086, 5.0, 2.0, 32.0
0.1977191, 5.0, 2.0, 33.0
0.80510604, 5.0, 2.0, 31.0
0.11773037, 5.0, 2.0, 34.0
0.9442686, 3.0, 2.0, 21.0
0.9091778, -2.0, 2.0, 12.0
0.2867177, 3.0, 2.0, 44.0
0.57074225, 5.0, 2.0, 30.0
0.3470027, 4.0, 2.0, 24.0
0.3027715, 5.0, 2.0, 35.0
0.9464974, 4.0, 2.0, 41.0
0.21580364, 5.0, 2.0, 29.0
0.918657, 5.0, 2.0, 36.0
0.31519914, -1.0, 2.0, 13.0
0.9875442, 2.0, 2.0, 18.0
0.34090146, 5.0, 2.0, 28.0
0.40735036, 5.0, 2.0, 37.0
0.25433174, 2.0, 2.0, 47.0
0.5583097, 1.0, 2.0, 16.0
0.6045212, 4.0, 2.0, 23.0
0.55506223, 1.0, 2.0, 49.0
0.665959, 4.0, 2.0, 42.0
0.81940186, 3.0, 2.0, 20.0
0.7550703, 3.0, 2.0, 45.0
0.54829067, 5.0, 2.0, 27.0
0.025159847, 5.0, 2.0, 38.0
0.63351285, 0.0, 2.0, 14.0
0.97608817, 5.0, 2.0, 26.0
0.19048269, 5.0, 2.0, 39.0
0.9505695, 4.0, 2.0, 22.0
0.77522993, 4.0, 2.0, 43.0
0.7200663, 2.0, 2.0, 17.0
0.22082788, 2.0, 2.0, 48.0
0.47673059, 3.0, 2.0, 19.0
0.93346524, 3.0, 2.0, 46.0
0.8712421, 5.0, 2.0, 25.0
0.34560773, 1.0, 2.0, 15.0
0.28787807, 5.0, 2.0, 40.0
0.9364666, -1.0, 2.0, 12.0
0.08651587, 4.0, 2.0, 21.0
0.9711452, 6.0, 2.0, 32.0
0.71592385, 6.0, 2.0, 33.0
0.56784743, 4.0, 2.0, 44.0
0.2036839, 6.0, 2.0, 31.0
0.33150017, 6.0, 2.0, 34.0
0.73606926, 5.0, 2.0, 24.0
0.061802667, 0.0, 2.0, 13.0
0.6774659, 5.0, 2.0, 41.0
0.68940777, 6.0, 2.0, 30.0
0.1553892, 6.0, 2.0, 35.0
0.8666499, 6.0, 2.0, 29.0
0.10634618, 6.0, 2.0, 36.0
0.55555904, 3.0, 2.0, 18.0
0.68289405, 2.0, 2.0, 16.0
0.5480671, 3.0, 2.0, 47.0
0.047036357, 2.0, 2.0, 49.0
0.41917375, 6.0, 2.0, 28.0
0.59399146, 6.0, 2.0, 37.0
0.76686954, 5.0, 2.0, 23.0
0.4784065, 4.0, 2.0, 20.0
0.311918, 5.0, 2.0, 42.0
0.2579327, 1.0, 2.0, 14.0
0.1108991, 4.0, 2.0, 45.0
0.4730206, 6.0, 2.0, 27.0
0.63756955, 6.0, 2.0, 38.0
0.88374263, 6.0, 2.0, 26.0
0.1865725, 5.0, 2.0, 22.0
0.86195165, 6.0, 2.0, 39.0
0.09143646, 3.0, 2.0, 17.0
0.45829755, 5.0, 2.0, 43.0
0.7828649, 0.0, 2.0, 12.0
0.93733996, 3.0, 2.0, 48.0
0.16638552, 2.0, 2.0, 15.0
0.999627, 4.0, 2.0, 19.0
0.108978435, 4.0, 2.0, 46.0
0.52719885, 6.0, 2.0, 25.0
0.6964388, 6.0, 2.0, 40.0
0.92918223, 1.0, 2.0, 13.0
0.076674394, 5.0, 2.0, 21.0
0.09825845, 5.0, 2.0, 44.0
0.12424811, 7.0, 2.0, 32.0
0.5787259, 7.0, 2.0, 33.0
0.34922338, 7.0, 2.0, 31.0
0.8951805, 7.0, 2.0, 34.0
0.6953587, 6.0, 2.0, 24.0
0.5906631, 6.0, 2.0, 41.0
0.41115382, 7.0, 2.0, 30.0
0.50826377, 3.0, 2.0, 16.0
0.58002514, 7.0, 2.0, 35.0
0.24504736, 4.0, 2.0, 18.0
0.22645691, 3.0, 2.0, 49.0
0.6767986, 4.0, 2.0, 47.0
0.0024441772, 7.0, 2.0, 29.0
0.5521592, 7.0, 2.0, 36.0
0.14763154, 2.0, 2.0, 14.0
0.58152145, 5.0, 2.0, 20.0
0.81762004, 7.0, 2.0, 28.0
0.28646845, 6.0, 2.0, 23.0
0.6139301, 7.0, 2.0, 37.0
0.35715437, 5.0, 2.0, 45.0
0.61768043, 6.0, 2.0, 42.0
0.00595768, 7.0, 2.0, 27.0
0.8343923, 7.0, 2.0, 38.0
0.0648078, 1.0, 2.0, 12.0
0.37231186, 4.0, 2.0, 17.0
0.5001948, 4.0, 2.0, 48.0
0.08973046, 3.0, 2.0, 15.0
0.9040614, 6.0, 2.0, 22.0
0.8120856, 7.0, 2.0, 26.0
0.041210096, 6.0, 2.0, 43.0
0.50685686, 7.0, 2.0, 39.0
0.015828088, 5.0, 2.0, 19.0
0.24879631, 5.0, 2.0, 46.0
0.27314514, 2.0, 2.0, 13.0
0.16081989, 7.0, 2.0, 25.0
0.8296455, 7.0, 2.0, 40.0
0.29353687, 6.0, 2.0, 21.0
0.5698059, 6.0, 2.0, 44.0
0.1411425, 4.0, 2.0, 16.0
0.54282624, 8.0, 2.0, 32.0
0.98108554, 8.0, 2.0, 33.0
0.21366596, 7.0, 2.0, 24.0
0.7830325, 4.0, 2.0, 49.0
0.9839407, 5.0, 2.0, 18.0
0.13828203, 7.0, 2.0, 41.0
0.8055302, 8.0, 2.0, 31.0
0.60866183, 8.0, 2.0, 34.0
0.80939233, 5.0, 2.0, 47.0
0.44442114, 3.0, 2.0, 14.0
0.9009832, 8.0, 2.0, 30.0
0.6496877, 8.0, 2.0, 35.0
0.7093851, 8.0, 2.0, 29.0
0.5232939, 8.0, 2.0, 36.0
0.98791087, 6.0, 2.0, 20.0
0.7294149, 6.0, 2.0, 45.0
0.05837396, 7.0, 2.0, 23.0
0.57935846, 7.0, 2.0, 42.0
0.56879705, 8.0, 2.0, 28.0
0.9714758, 8.0, 2.0, 37.0
0.23512411, 2.0, 2.0, 12.0
0.5446231, 8.0, 2.0, 27.0
0.2921624, 8.0, 2.0, 38.0
0.2716314, 5.0, 2.0, 17.0
0.6587983, 4.0, 2.0, 15.0
0.43817702, 5.0, 2.0, 48.0
0.7894257, 7.0, 2.0, 22.0
0.72027117, 7.0, 2.0, 43.0
0.44002736, 6.0, 2.0, 19.0
0.65690506, 8.0, 2.0, 26.0
0.11663166, 8.0, 2.0, 39.0
0.9954197, 3.0, 2.0, 13.0
0.42970985, 6.0, 2.0, 46.0
0.2137738, 8.0, 2.0, 25.0
0.47490513, 8.0, 2.0, 40.0
0.5595305, 7.0, 2.0, 21.0
0.3633249, 7.0, 2.0, 44.0
0.51917917, 5.0, 2.0, 16.0
0.18915284, 5.0, 2.0, 49.0
0.08807796, 4.0, 2.0, 14.0
0.7448319, 6.0, 2.0, 18.0
0.16119623, 6.0, 2.0, 47.0
0.7614507, 8.0, 2.0, 24.0
0.93393135, 8.0, 2.0, 41.0
0.0917696, 9.0, 2.0, 32.0
0.2821741, 9.0, 2.0, 33.0
0.18371698, 9.0, 2.0, 31.0
0.5887244, 9.0, 2.0, 34.0
0.1719562, 9.0, 2.0, 30.0
0.57196987, 9.0, 2.0, 35.0
0.59368616, 3.0, 2.0, 12.0
0.040907934, 7.0, 2.0, 20.0
0.90223116, 9.0, 2.0, 29.0
0.60221744, 9.0, 2.0, 36.0
0.7888628, 7.0, 2.0, 45.0
0.64990234, 8.0, 2.0, 23.0
0.6509683, 8.0, 2.0, 42.0
0.21137843, 9.0, 2.0, 28.0
0.07504783, 9.0, 2.0, 37.0
0.65673995, 5.0, 2.0, 15.0
0.7886292, 6.0, 2.0, 17.0
0.91692454, 6.0, 2.0, 48.0
0.4191951, 9.0, 2.0, 27.0
0.7338172, 9.0, 2.0, 38.0
0.4644144, 4.0, 2.0, 13.0
0.87885106, 8.0, 2.0, 22.0
0.9007687, 7.0, 2.0, 19.0
0.039850973, 8.0, 2.0, 43.0
0.7521102, 7.0, 2.0, 46.0
0.76782405, 9.0, 2.0, 26.0
0.01143658, 9.0, 2.0, 39.0
0.090860374, 9.0, 2.0, 25.0
0.50451565, 9.0, 2.0, 40.0
0.0016144736, 6.0, 2.0, 16.0
0.4398497, 8.0, 2.0, 21.0
0.38397264, 8.0, 2.0, 44.0
0.48337612, 5.0, 2.0, 14.0
0.2050749, 6.0, 2.0, 49.0
0.59641993, 7.0, 2.0, 18.0
0.11807738, 7.0, 2.0, 47.0
0.59053683, 9.0, 2.0, 24.0
0.42176476, 4.0, 2.0, 12.0
0.28242403, 9.0, 2.0, 41.0
0.5438306, 10.0, 2.0, 32.0
0.31606954, 10.0, 2.0, 33.0
0.5594328, 10.0, 2.0, 31.0
0.58842576, 10.0, 2.0, 34.0
0.4452361, 10.0, 2.0, 30.0
0.84041506, 10.0, 2.0, 35.0
0.7869166, 8.0, 2.0, 20.0
0.31892052, 8.0, 2.0, 45.0
0.006008853, 10.0, 2.0, 29.0
0.58012235, 10.0, 2.0, 36.0
0.11662049, 9.0, 2.0, 23.0
0.9832734, 9.0, 2.0, 42.0
0.8461511, 6.0, 2.0, 15.0
0.35055506, 7.0, 2.0, 17.0
0.20458463, 10.0, 2.0, 28.0
0.6674329, 10.0, 2.0, 37.0
0.3276486, 7.0, 2.0, 48.0
0.73397434, 5.0, 2.0, 13.0
0.47925994, 10.0, 2.0, 27.0
0.90656984, 10.0, 2.0, 38.0
0.32292107, 8.0, 2.0, 19.0
0.6876972, 9.0, 2.0, 22.0
0.07045476, 8.0, 2.0, 46.0
0.015700711, 9.0, 2.0, 43.0
0.51563764, 10.0, 2.0, 26.0
0.90456706, 10.0, 2.0, 39.0
0.6515212, 7.0, 2.0, 16.0
0.20352414, 6.0, 2.0, 14.0
0.9607343, 7.0, 2.0, 49.0
0.9467643, 10.0, 2.0, 25.0
0.23070012, 9.0, 2.0, 21.0
0.19410811, 10.0, 2.0, 40.0
0.06894679, 9.0, 2.0, 44.0
0.71402067, 8.0, 2.0, 18.0
0.1316452, 5.0, 2.0, 12.0
0.011732838, 8.0, 2.0, 47.0
0.40090004, 10.0, 2.0, 24.0
0.3785944, 10.0, 2.0, 41.0
0.8884993, 9.0, 2.0, 20.0
0.04610752, 9.0, 2.0, 45.0
0.65676975, 7.0, 2.0, 15.0
0.5218982, 10.0, 2.0, 23.0
0.54749596, 6.0, 2.0, 13.0
0.5083425, 8.0, 2.0, 17.0
0.029760892, 10.0, 2.0, 42.0
0.841464, 8.0, 2.0, 48.0
0.91491216, 9.0, 2.0, 19.0
0.91247326, 9.0, 2.0, 46.0
0.65512204, 10.0, 2.0, 22.0
0.46196538, 10.0, 2.0, 43.0
0.62029916, 7.0, 2.0, 14.0
0.27299652, 8.0, 2.0, 16.0
0.23114267, 8.0, 2.0, 49.0
0.58031, 6.0, 2.0, 12.0
0.4742698, 10.0, 2.0, 21.0
0.2957924, 10.0, 2.0, 44.0
0.014556129, 9.0, 2.0, 18.0
0.90235054, 9.0, 2.0, 47.0
0.49172282, 10.0, 2.0, 20.0
0.9579714, 8.0, 2.0, 15.0
0.2999983, 10.0, 2.0, 45.0
0.087554865, 7.0, 2.0, 13.0
0.12423523, 9.0, 2.0, 17.0
0.52159834, 9.0, 2.0, 48.0
0.18164803, 10.0, 2.0, 19.0
0.20801209, 10.0, 2.0, 46.0
0.6994567, 8.0, 2.0, 14.0
0.20690948, 9.0, 2.0, 16.0
0.8649018, 9.0, 2.0, 49.0
0.04944283, 7.0, 2.0, 12.0
0.80069023, 10.0, 2.0, 18.0
0.46255407, 10.0, 2.0, 47.0
0.046912536, 9.0, 2.0, 15.0
0.93441945, 8.0, 2.0, 13.0
0.33644602, 10.0, 2.0, 17.0
0.013553973, 10.0, 2.0, 48.0
0.91704834, 9.0, 2.0, 14.0
0.6317919, 8.0, 2.0, 12.0
0.34760562, 10.0, 2.0, 16.0
0.6420908, 10.0, 2.0, 49.0
0.14180283, 9.0, 2.0, 13.0
0.8313533, 10.0, 2.0, 15.0
0.17893693, 10.0, 2.0, 14.0
0.9618927, 9.0, 2.0, 12.0
0.7934175, 10.0, 2.0, 13.0
0.609069, 10.0, 2.0, 12.0
0.5020503, -201.0, 0.0, 37.0
0.28390828, -202.0, 0.0, 29.0
0.55745053, -268.0, 0.0, 39.0
0.28573173, -320.0, 0.0, 40.0
0.8184886, 818.0, 0.0, -76.0
0.039117053, 818.0, 0.0, -77.0
0.7117547, 818.0, 0.0, -81.0
