0.8341755, 7.0, 1.0, 1.0
0.36579892, 7.0, 1.0, 2.0
0.4101405, 8.0, 1.0, 1.0
0.48564085, 7.0, 1.0, 5.0
0.70064336, 9.0, 1.0, 1.0
0.26456705, 7.0, 1.0, 6.0
0.24655697, 7.0, 0.0, 1.0
0.8219696, 7.0, 0.0, 2.0
0.19715683, 8.0, 1.0, 6.0
0.6513376, 10.0, 1.0, 1.0
0.89606863, 8.0, 0.0, 1.0
0.653192, 9.0, 1.0, 6.0
0.30797055, 7.0, 0.0, 5.0
0.99805355, 11.0, 1.0, 1.0
0.45108888, 9.0, 0.0, 1.0
0.1466391, 7.0, 0.0, 6.0
0.31124306, 10.0, 1.0, 6.0
0.4193802, 8.0, 0.0, 6.0
0.670218, 12.0, 1.0, 1.0
0.9651425, 10.0, 0.0, 1.0
0.2722554, 12.0, 1.0, 2.0
0.03769719, 12.0, 1.0, 3.0
0.11829178, 11.0, 1.0, 6.0
0.43419358, 12.0, 1.0, 4.0
0.962164, 9.0, 0.0, 6.0
0.39686164, 11.0, 0.0, 1.0
0.28343245, 12.0, 1.0, 5.0
0.4198173, 12.0, 1.0, 6.0
0.8279284, 10.0, 0.0, 6.0
0.25765985, 12.0, 0.0, 1.0
0.89293367, 12.0, 0.0, 2.0
0.1001725, 12.0, 0.0, 3.0
0.74550104, 11.0, 0.0, 6.0
0.78462094, 12.0, 0.0, 4.0
0.20938306, 12.0, 0.0, 5.0
0.06877682, 12.0, 0.0, 6.0
