0.18689215, -51.0, 2.0, 46.0
0.78572124, -51.0, 2.0, 47.0
0.73073417, -51.0, 2.0, 45.0
0.59479403, -51.0, 2.0, 48.0
0.93036896, -51.0, 2.0, 44.0
0.43487784, -51.0, 2.0, 49.0
0.31665528, -51.0, 2.0, 43.0
0.50052243, -50.0, 2.0, 50.0
0.97383326, -51.0, 2.0, 50.0
0.33711243, -49.0, 2.0, 50.0
0.2685744, -51.0, 2.0, 42.0
0.3427948, -48.0, 2.0, 50.0
0.80416447, -47.0, 2.0, 50.0
0.09380415, -51.0, 1.0, 46.0
0.32508355, -51.0, 1.0, 47.0
0.82130426, -51.0, 2.0, 41.0
0.5054106, -51.0, 1.0, 45.0
0.12549636, -51.0, 1.0, 48.0
0.64698404, -51.0, 1.0, 44.0
0.532158, -46.0, 2.0, 50.0
0.5488786, -51.0, 1.0, 49.0
0.45082083, -51.0, 1.0, 43.0
0.3379301, -50.0, 1.0, 50.0
0.67094713, -51.0, 2.0, 40.0
0.16079406, -51.0, 1.0, 50.0
0.68682814, -49.0, 1.0, 50.0
0.012017117, -45.0, 2.0, 50.0
0.8432233, -51.0, 1.0, 42.0
0.93113464, -48.0, 1.0, 50.0
0.77734596, -47.0, 1.0, 50.0
0.5567828, -51.0, 2.0, 39.0
0.6496504, -44.0, 2.0, 50.0
0.9297808, -51.0, 1.0, 41.0
0.72258997, -51.0, 0.0, 46.0
0.23325282, -51.0, 0.0, 47.0
0.495324, -51.0, 0.0, 45.0
0.22991711, -51.0, 0.0, 48.0
0.6311022, -46.0, 1.0, 50.0
0.7790774, -51.0, 0.0, 44.0
0.63622797, -51.0, 0.0, 49.0
0.40365613, -51.0, 0.0, 43.0
0.7441938, -51.0, 1.0, 40.0
0.23646893, -43.0, 2.0, 50.0
0.8205265, -50.0, 0.0, 50.0
0.2511449, -51.0, 0.0, 50.0
0.69342124, -51.0, 2.0, 38.0
0.81356496, -45.0, 1.0, 50.0
0.008362261, -49.0, 0.0, 50.0
0.75195557, -43.0, 2.0, 42.0
0.1432258, -51.0, 0.0, 42.0
0.20600475, -48.0, 0.0, 50.0
0.56106293, -47.0, 0.0, 50.0
0.9863481, -51.0, 1.0, 39.0
0.14371796, -44.0, 1.0, 50.0
0.45492208, -43.0, 2.0, 41.0
0.97912997, -51.0, 0.0, 41.0
0.5640336, -42.0, 2.0, 50.0
0.97269005, -51.0, 2.0, 37.0
0.5982203, -46.0, 0.0, 50.0
0.73811424, -43.0, 2.0, 40.0
0.9193557, -43.0, 1.0, 50.0
0.98129195, -51.0, 0.0, 40.0
0.08391061, -51.0, 1.0, 38.0
0.02245647, -45.0, 0.0, 50.0
0.684346, -43.0, 1.0, 42.0
0.9744063, -41.0, 2.0, 50.0
0.1574579, -51.0, 2.0, 36.0
0.18959954, -43.0, 2.0, 39.0
0.2348992, -51.0, 0.0, 39.0
0.95461124, -44.0, 0.0, 50.0
0.20949279, -43.0, 1.0, 41.0
0.6101542, -40.0, 2.0, 45.0
0.42035192, -42.0, 1.0, 50.0
0.6377195, -51.0, 1.0, 37.0
0.37591264, -43.0, 1.0, 40.0
0.124627955, -40.0, 2.0, 50.0
0.43303934, -43.0, 0.0, 50.0
0.008236077, -51.0, 0.0, 38.0
0.5193083, -51.0, 2.0, 35.0
0.7332021, -41.0, 1.0, 50.0
0.75194156, -43.0, 0.0, 42.0
0.32467595, -39.0, 2.0, 45.0
0.08881756, -51.0, 1.0, 36.0
0.2922696, -43.0, 1.0, 39.0
0.10332165, -40.0, 1.0, 45.0
0.40753698, -43.0, 0.0, 41.0
0.25491953, -42.0, 0.0, 50.0
0.9299219, -51.0, 0.0, 37.0
0.42129618, -39.0, 2.0, 50.0
0.74682313, -40.0, 1.0, 50.0
0.14635012, -43.0, 0.0, 40.0
0.6123012, -51.0, 2.0, 34.0
0.86256737, -51.0, 1.0, 35.0
0.95136553, -38.0, 2.0, 45.0
0.97823054, -41.0, 0.0, 50.0
0.7937077, -39.0, 1.0, 45.0
0.03208657, -51.0, 0.0, 36.0
0.32879, -43.0, 0.0, 39.0
0.3536662, -40.0, 0.0, 45.0
0.3655836, -38.0, 2.0, 50.0
0.7102059, -39.0, 1.0, 50.0
0.93283236, -40.0, 0.0, 50.0
0.04548756, -51.0, 2.0, 33.0
0.18296494, -51.0, 1.0, 34.0
0.5369159, -37.0, 2.0, 45.0
0.24380217, -38.0, 1.0, 45.0
0.1204676, -51.0, 0.0, 35.0
0.29172644, -39.0, 0.0, 45.0
0.3050547, -37.0, 2.0, 50.0
0.7583497, -38.0, 1.0, 50.0
0.35526547, -39.0, 0.0, 50.0
0.60591495, -51.0, 1.0, 33.0
0.74191356, -51.0, 2.0, 32.0
0.1562904, -51.0, 0.0, 34.0
0.5115096, -37.0, 1.0, 45.0
0.19169693, -36.0, 2.0, 45.0
0.9174536, -38.0, 0.0, 45.0
0.3850941, -40.0, 2.0, 36.0
0.18684773, -37.0, 1.0, 50.0
0.5029219, -36.0, 2.0, 50.0
0.70738614, -38.0, 0.0, 50.0
0.95674694, -51.0, 1.0, 32.0
0.63945484, -51.0, 0.0, 33.0
0.88302845, -51.0, 2.0, 31.0
0.060659256, -36.0, 1.0, 45.0
0.9870459, -39.0, 2.0, 36.0
0.19540559, -37.0, 0.0, 45.0
0.39899775, -35.0, 2.0, 45.0
0.17343187, -40.0, 1.0, 36.0
0.023987118, -36.0, 1.0, 50.0
0.5914793, -37.0, 0.0, 50.0
0.6052858, -35.0, 2.0, 50.0
0.055405773, -51.0, 0.0, 32.0
0.5097616, -38.0, 2.0, 36.0
0.8803828, -51.0, 1.0, 31.0
0.14914136, -39.0, 1.0, 36.0
0.38942456, -36.0, 0.0, 45.0
0.79997164, -35.0, 1.0, 45.0
0.33103728, -50.0, 2.0, 30.0
0.2234432, -51.0, 2.0, 30.0
0.031538624, -49.0, 2.0, 30.0
0.024035394, -40.0, 0.0, 36.0
0.093492195, -48.0, 2.0, 30.0
0.7491689, -36.0, 0.0, 50.0
0.97627336, -47.0, 2.0, 30.0
0.71234626, -35.0, 1.0, 50.0
0.26619115, -34.0, 2.0, 50.0
0.82683015, -46.0, 2.0, 30.0
0.12062713, -37.0, 2.0, 36.0
0.038606305, -38.0, 1.0, 36.0
0.40273026, -51.0, 0.0, 31.0
0.4346906, -39.0, 0.0, 36.0
0.70036495, -50.0, 1.0, 30.0
0.72985524, -51.0, 1.0, 30.0
0.42591244, -49.0, 1.0, 30.0
0.5713039, -35.0, 0.0, 45.0
0.8434624, -45.0, 2.0, 30.0
0.18206646, -48.0, 1.0, 30.0
0.37881616, -47.0, 1.0, 30.0
0.040891517, -35.0, 0.0, 50.0
0.28809378, -44.0, 2.0, 30.0
0.08578419, -34.0, 1.0, 50.0
0.43576023, -46.0, 1.0, 30.0
0.8623018, -37.0, 1.0, 36.0
0.9463469, -36.0, 2.0, 36.0
0.91412777, -38.0, 0.0, 36.0
0.12046119, -33.0, 2.0, 50.0
0.845771, -43.0, 2.0, 30.0
0.6598871, -50.0, 0.0, 30.0
0.9545892, -51.0, 0.0, 30.0
0.73434323, -45.0, 1.0, 30.0
0.22643252, -49.0, 0.0, 30.0
0.19008115, -48.0, 0.0, 30.0
0.17640278, -47.0, 0.0, 30.0
0.5848751, -44.0, 1.0, 30.0
0.36949816, -42.0, 2.0, 30.0
0.21263078, -34.0, 0.0, 50.0
0.116868034, -46.0, 0.0, 30.0
0.72197205, -36.0, 1.0, 36.0
0.46925995, -37.0, 0.0, 36.0
0.84555554, -33.0, 1.0, 50.0
0.14285544, -35.0, 2.0, 36.0
0.53991556, -43.0, 1.0, 30.0
0.8525396, -45.0, 0.0, 30.0
0.029402526, -32.0, 2.0, 50.0
0.8978304, -41.0, 2.0, 30.0
0.7829071, -32.0, 2.0, 42.0
0.9669381, -44.0, 0.0, 30.0
0.8998512, -42.0, 1.0, 30.0
0.48007903, -32.0, 2.0, 41.0
0.20428668, -36.0, 0.0, 36.0
0.38521484, -35.0, 1.0, 36.0
0.14541802, -33.0, 0.0, 50.0
0.9144223, -40.0, 2.0, 30.0
0.37260985, -43.0, 0.0, 30.0
0.18935198, -32.0, 2.0, 40.0
0.22675818, -32.0, 1.0, 50.0
0.77755684, -41.0, 1.0, 30.0
0.89219356, -32.0, 1.0, 42.0
0.9113368, -31.0, 2.0, 50.0
0.24909705, -42.0, 0.0, 30.0
0.41626167, -32.0, 2.0, 39.0
0.6114016, -32.0, 1.0, 41.0
0.802421, -39.0, 2.0, 30.0
0.22561614, -35.0, 0.0, 36.0
0.058061883, -40.0, 1.0, 30.0
0.22885811, -32.0, 1.0, 40.0
0.57859236, -32.0, 0.0, 50.0
0.44715542, -41.0, 0.0, 30.0
0.25554177, -32.0, 0.0, 42.0
0.075938396, -31.0, 1.0, 50.0
0.9472213, -32.0, 1.0, 39.0
0.6823839, -38.0, 2.0, 30.0
0.52835226, -32.0, 0.0, 41.0
0.75330347, -39.0, 1.0, 30.0
0.15832044, -40.0, 0.0, 30.0
0.97262895, -30.0, 2.0, 50.0
0.7710573, -32.0, 0.0, 40.0
0.7299061, -31.0, 0.0, 50.0
0.54358333, -37.0, 2.0, 30.0
0.8568444, -38.0, 1.0, 30.0
0.9803179, -32.0, 0.0, 39.0
0.97481215, -39.0, 0.0, 30.0
0.5073432, -30.0, 1.0, 50.0
0.9647359, -29.0, 2.0, 50.0
0.121510945, -37.0, 1.0, 30.0
0.18534365, -36.0, 2.0, 30.0
0.7158207, -38.0, 0.0, 30.0
0.04985135, -30.0, 0.0, 50.0
0.5027354, -29.0, 1.0, 50.0
0.19946542, -36.0, 1.0, 30.0
0.29450616, -37.0, 0.0, 30.0
0.69948393, -35.0, 2.0, 30.0
0.8532556, -28.0, 2.0, 50.0
0.7359997, -29.0, 0.0, 50.0
0.68824625, -36.0, 0.0, 30.0
0.154523, -35.0, 1.0, 30.0
0.41378716, -34.0, 2.0, 30.0
0.69316894, -28.0, 1.0, 50.0
0.46458507, -35.0, 0.0, 30.0
0.89992815, -27.0, 2.0, 50.0
0.7376292, -34.0, 1.0, 30.0
0.85412914, -33.0, 2.0, 30.0
0.7481327, -28.0, 0.0, 50.0
0.94529074, -27.0, 1.0, 50.0
0.57450044, -34.0, 0.0, 30.0
0.99757177, -33.0, 1.0, 30.0
0.16221376, -32.0, 2.0, 30.0
0.0049860026, -26.0, 2.0, 50.0
0.16303745, -27.0, 0.0, 50.0
0.09213585, -33.0, 0.0, 30.0
0.12377264, -32.0, 1.0, 30.0
0.10870742, -26.0, 1.0, 50.0
0.4932637, -31.0, 2.0, 30.0
0.46528462, -25.0, 2.0, 50.0
0.08849069, -32.0, 0.0, 30.0
0.52571577, -26.0, 0.0, 50.0
0.6169424, -31.0, 1.0, 30.0
0.5804681, -30.0, 2.0, 30.0
0.87529546, -25.0, 1.0, 50.0
0.2699221, -31.0, 0.0, 30.0
0.8815752, -30.0, 1.0, 30.0
0.33080354, -24.0, 2.0, 50.0
0.5129201, -25.0, 0.0, 50.0
0.8679647, -29.0, 2.0, 30.0
0.04291102, -24.0, 1.0, 50.0
0.56317246, -30.0, 0.0, 30.0
0.14589654, -29.0, 1.0, 30.0
0.51872814, -23.0, 2.0, 46.0
0.5711816, -23.0, 2.0, 47.0
0.8835457, -23.0, 2.0, 45.0
0.4133434, -23.0, 2.0, 48.0
0.25029266, -23.0, 2.0, 44.0
0.10788143, -23.0, 2.0, 49.0
0.6625125, -23.0, 2.0, 43.0
0.37113535, -23.0, 2.0, 50.0
0.1890895, -24.0, 0.0, 50.0
0.9527608, -28.0, 2.0, 30.0
0.55940294, -23.0, 2.0, 42.0
0.4665181, -23.0, 1.0, 46.0
0.5960786, -23.0, 1.0, 47.0
0.66480297, -23.0, 2.0, 41.0
0.81405896, -23.0, 1.0, 45.0
0.29395884, -29.0, 0.0, 30.0
0.8960531, -23.0, 1.0, 48.0
0.34630778, -23.0, 1.0, 44.0
0.017219938, -23.0, 1.0, 49.0
0.8619995, -23.0, 1.0, 43.0
0.5287146, -23.0, 2.0, 40.0
0.9458056, -23.0, 1.0, 50.0
0.063657366, -28.0, 1.0, 30.0
0.8831058, -23.0, 1.0, 42.0
0.083951905, -23.0, 2.0, 39.0
0.9633772, -23.0, 1.0, 41.0
0.5166026, -23.0, 0.0, 46.0
0.1619821, -23.0, 0.0, 47.0
0.8487952, -23.0, 0.0, 45.0
0.27105567, -23.0, 0.0, 48.0
0.66767913, -23.0, 0.0, 44.0
0.5025491, -23.0, 0.0, 49.0
0.5898065, -27.0, 2.0, 30.0
0.37134078, -23.0, 0.0, 43.0
0.16346349, -23.0, 1.0, 40.0
0.6797567, -23.0, 0.0, 50.0
0.122207105, -23.0, 2.0, 38.0
0.30845368, -28.0, 0.0, 30.0
0.18796258, -23.0, 0.0, 42.0
0.929632, -23.0, 1.0, 39.0
0.97583, -23.0, 0.0, 41.0
0.61981523, -23.0, 2.0, 37.0
0.8397104, -27.0, 1.0, 30.0
0.099439286, -23.0, 0.0, 40.0
0.25802657, -23.0, 1.0, 38.0
0.1693308, -23.0, 2.0, 36.0
0.5228505, -23.0, 0.0, 39.0
0.069553696, -26.0, 2.0, 30.0
0.63494384, -23.0, 1.0, 37.0
0.43941602, -27.0, 0.0, 30.0
0.8834841, -23.0, 0.0, 38.0
0.30962858, -23.0, 2.0, 35.0
0.20512956, -23.0, 1.0, 36.0
0.87530017, -26.0, 1.0, 30.0
0.06572976, -23.0, 0.0, 37.0
0.4638624, -23.0, 2.0, 34.0
0.9232095, -23.0, 1.0, 35.0
0.17299509, -25.0, 2.0, 30.0
0.8363515, -23.0, 0.0, 36.0
0.67364746, -26.0, 0.0, 30.0
0.14642197, -23.0, 2.0, 33.0
0.9814191, -23.0, 1.0, 34.0
0.43247983, -23.0, 0.0, 35.0
0.94060993, -25.0, 1.0, 30.0
0.8230833, -23.0, 1.0, 33.0
0.349517, -23.0, 2.0, 32.0
0.82386094, -23.0, 0.0, 34.0
0.20902576, -24.0, 2.0, 30.0
0.8195956, -25.0, 0.0, 30.0
0.39081863, -23.0, 1.0, 32.0
0.44923612, -23.0, 0.0, 33.0
0.003825997, -23.0, 2.0, 31.0
0.8914002, -24.0, 1.0, 30.0
0.060730666, -23.0, 0.0, 32.0
0.3858654, -23.0, 1.0, 31.0
0.39887926, -23.0, 2.0, 30.0
0.8433161, -24.0, 0.0, 30.0
0.6459566, -23.0, 0.0, 31.0
0.34187475, -23.0, 1.0, 30.0
0.8099669, -23.0, 0.0, 30.0
