0.2478836, -49.0, 2.0, 50.0
0.014240666, -50.0, 2.0, 50.0
0.12711169, -48.0, 2.0, 50.0
0.16127485, -49.0, 2.0, 48.0
0.7021999, -50.0, 2.0, 48.0
0.62753236, -48.0, 2.0, 48.0
0.7266037, -51.0, 2.0, 49.0
0.039643377, -51.0, 2.0, 50.0
0.3915823, -47.0, 2.0, 50.0
0.10325952, -51.0, 2.0, 48.0
0.3195411, -48.0, 2.0, 47.0
0.08575611, -51.0, 2.0, 47.0
0.55006486, -46.0, 2.0, 50.0
0.9130755, -46.0, 2.0, 48.0
0.05451912, -49.0, 2.0, 46.0
0.49415797, -48.0, 2.0, 46.0
0.116614304, -51.0, 2.0, 46.0
0.93051046, -46.0, 2.0, 47.0
0.4473987, -47.0, 2.0, 46.0
0.5719011, -45.0, 2.0, 50.0
0.57099605, -46.0, 2.0, 46.0
0.7007375, -51.0, 2.0, 45.0
0.4948863, -44.0, 2.0, 50.0
0.116793655, -44.0, 2.0, 48.0
0.15411651, -46.0, 2.0, 45.0
0.3406417, -49.0, 2.0, 44.0
0.54662955, -44.0, 2.0, 47.0
0.23907746, -51.0, 2.0, 44.0
0.82663256, -47.0, 2.0, 44.0
0.92029774, -43.0, 2.0, 50.0
0.12995006, -44.0, 2.0, 46.0
0.9625027, -46.0, 2.0, 44.0
0.32059452, -43.0, 2.0, 48.0
0.77949893, -49.0, 2.0, 43.0
0.68793815, -49.0, 1.0, 50.0
0.93393195, -50.0, 1.0, 50.0
0.42111677, -48.0, 1.0, 50.0
0.8667715, -49.0, 1.0, 48.0
0.23948428, -51.0, 2.0, 43.0
0.095018804, -50.0, 1.0, 48.0
0.17854513, -48.0, 1.0, 48.0
0.85334545, -51.0, 1.0, 49.0
0.29892495, -51.0, 1.0, 50.0
0.22517285, -47.0, 1.0, 50.0
0.09631802, -51.0, 1.0, 48.0
0.47084263, -43.0, 2.0, 46.0
0.0033304645, -48.0, 1.0, 47.0
0.8519335, -42.0, 2.0, 50.0
0.46569473, -46.0, 2.0, 43.0
0.24898346, -51.0, 1.0, 47.0
0.28706595, -46.0, 1.0, 50.0
0.1430424, -42.0, 2.0, 48.0
0.9257496, -46.0, 1.0, 48.0
0.5883996, -49.0, 1.0, 46.0
0.11610652, -49.0, 2.0, 42.0
0.043916024, -48.0, 1.0, 46.0
0.01550954, -44.0, 2.0, 44.0
0.89368236, -48.0, 2.0, 42.0
0.24869007, -43.0, 2.0, 45.0
0.104885265, -51.0, 1.0, 46.0
0.9548363, -46.0, 1.0, 47.0
0.31308272, -45.0, 2.0, 43.0
0.7242425, -47.0, 1.0, 46.0
0.15448233, -51.0, 2.0, 42.0
0.14163418, -45.0, 1.0, 50.0
0.4838205, -42.0, 2.0, 46.0
0.29911178, -46.0, 1.0, 46.0
0.21821973, -51.0, 1.0, 45.0
0.88518804, -41.0, 2.0, 50.0
0.565747, -43.0, 2.0, 44.0
0.34549886, -44.0, 2.0, 43.0
0.8567197, -44.0, 1.0, 50.0
0.70891464, -44.0, 1.0, 48.0
0.7611464, -46.0, 1.0, 45.0
0.3090746, -49.0, 1.0, 44.0
0.4027172, -48.0, 2.0, 41.0
0.15053622, -44.0, 1.0, 47.0
0.4647485, -51.0, 2.0, 41.0
0.6811243, -51.0, 1.0, 44.0
0.41337293, -47.0, 2.0, 41.0
0.36366192, -47.0, 1.0, 44.0
0.16556616, -41.0, 2.0, 46.0
0.582662, -43.0, 1.0, 50.0
0.022497075, -42.0, 2.0, 44.0
0.98198897, -44.0, 1.0, 46.0
0.23095882, -46.0, 2.0, 41.0
0.4808087, -44.0, 2.0, 42.0
0.7766991, -46.0, 1.0, 44.0
0.6458128, -43.0, 1.0, 48.0
0.7433624, -40.0, 2.0, 50.0
0.26183137, -49.0, 1.0, 43.0
0.9701424, -40.0, 2.0, 48.0
0.3102612, -49.0, 0.0, 50.0
0.6314159, -51.0, 1.0, 43.0
0.87058777, -50.0, 0.0, 50.0
0.45449632, -48.0, 0.0, 50.0
0.9556438, -49.0, 0.0, 48.0
0.4397526, -40.0, 2.0, 47.0
0.9927287, -50.0, 0.0, 48.0
0.39384338, -48.0, 0.0, 48.0
0.60253644, -51.0, 0.0, 49.0
0.21551532, -51.0, 0.0, 50.0
0.8038558, -47.0, 0.0, 50.0
0.4587127, -43.0, 1.0, 46.0
0.59769434, -51.0, 0.0, 48.0
0.15469073, -51.0, 2.0, 40.0
0.6389383, -42.0, 1.0, 50.0
0.50907403, -47.0, 2.0, 40.0
0.9816159, -46.0, 1.0, 43.0
0.8476501, -48.0, 0.0, 47.0
0.54564214, -40.0, 2.0, 46.0
0.90304303, -42.0, 1.0, 48.0
0.37455598, -41.0, 2.0, 44.0
0.19082102, -51.0, 0.0, 47.0
0.07682546, -46.0, 0.0, 50.0
0.18620948, -44.0, 2.0, 41.0
0.22501166, -49.0, 1.0, 42.0
0.29020408, -44.0, 1.0, 44.0
0.35030887, -46.0, 0.0, 48.0
0.06591767, -49.0, 0.0, 46.0
0.45318362, -48.0, 1.0, 42.0
0.9724881, -43.0, 1.0, 45.0
0.35812733, -48.0, 0.0, 46.0
0.25548872, -45.0, 1.0, 43.0
0.49163958, -51.0, 1.0, 42.0
0.8408057, -51.0, 0.0, 46.0
0.74282426, -46.0, 0.0, 47.0
0.98529136, -39.0, 2.0, 50.0
0.47638458, -47.0, 0.0, 46.0
0.16471076, -45.0, 0.0, 50.0
0.7749488, -42.0, 1.0, 46.0
0.7207305, -46.0, 0.0, 46.0
0.8737691, -41.0, 1.0, 50.0
0.2777482, -43.0, 2.0, 41.0
0.06376954, -49.0, 2.0, 39.0
0.9016371, -43.0, 1.0, 44.0
0.14214244, -44.0, 1.0, 43.0
0.5710252, -51.0, 0.0, 45.0
0.61231905, -48.0, 2.0, 39.0
0.32320723, -51.0, 2.0, 39.0
0.12188514, -44.0, 0.0, 50.0
0.6174828, -47.0, 2.0, 39.0
0.18823501, -39.0, 2.0, 46.0
0.11555209, -48.0, 1.0, 41.0
0.7234315, -44.0, 0.0, 48.0
0.43910456, -46.0, 0.0, 45.0
0.6234661, -49.0, 0.0, 44.0
0.14708446, -51.0, 1.0, 41.0
0.14011912, -47.0, 1.0, 41.0
0.4380905, -46.0, 2.0, 39.0
0.5787612, -44.0, 0.0, 47.0
0.076382026, -51.0, 0.0, 44.0
0.25117853, -41.0, 1.0, 46.0
0.053059936, -47.0, 0.0, 44.0
0.5129638, -41.0, 2.0, 42.0
0.20783116, -42.0, 2.0, 41.0
0.099904925, -39.0, 2.0, 45.0
0.7726397, -42.0, 1.0, 44.0
0.08248194, -46.0, 1.0, 41.0
0.7682691, -38.0, 2.0, 49.0
0.33302686, -38.0, 2.0, 50.0
0.7413304, -44.0, 1.0, 42.0
0.9629099, -43.0, 0.0, 50.0
0.21500736, -44.0, 0.0, 46.0
0.2695165, -38.0, 2.0, 48.0
0.8263345, -40.0, 1.0, 50.0
0.13262516, -45.0, 2.0, 39.0
0.7100311, -46.0, 0.0, 44.0
0.83056116, -43.0, 0.0, 48.0
0.67906713, -40.0, 1.0, 48.0
0.98728895, -49.0, 0.0, 43.0
0.950836, -49.0, 2.0, 38.0
0.9071425, -40.0, 1.0, 47.0
0.021361638, -51.0, 0.0, 43.0
0.264528, -39.0, 2.0, 44.0
0.13527673, -51.0, 2.0, 38.0
0.8676469, -51.0, 1.0, 40.0
0.113919005, -38.0, 2.0, 46.0
0.64967835, -47.0, 1.0, 40.0
0.9559641, -43.0, 0.0, 46.0
0.81515557, -41.0, 2.0, 41.0
0.12334094, -40.0, 1.0, 46.0
0.10632235, -42.0, 0.0, 50.0
0.16916502, -41.0, 1.0, 44.0
0.8925425, -46.0, 0.0, 43.0
0.8941246, -40.0, 2.0, 42.0
0.4294525, -42.0, 0.0, 48.0
0.46382052, -44.0, 1.0, 41.0
0.40323082, -49.0, 0.0, 42.0
0.453286, -44.0, 0.0, 44.0
0.25444683, -48.0, 0.0, 42.0
0.0682128, -43.0, 0.0, 45.0
0.7664391, -39.0, 1.0, 50.0
0.42781833, -45.0, 0.0, 43.0
0.77164185, -51.0, 0.0, 42.0
0.77497596, -37.0, 2.0, 50.0
0.35797143, -45.0, 2.0, 38.0
0.43898144, -42.0, 0.0, 46.0
0.69414186, -43.0, 1.0, 41.0
0.83955866, -49.0, 1.0, 39.0
0.10108544, -48.0, 1.0, 39.0
0.4524555, -41.0, 0.0, 50.0
0.605603, -43.0, 0.0, 44.0
0.5129119, -44.0, 0.0, 43.0
0.26669636, -51.0, 1.0, 39.0
0.009683278, -41.0, 2.0, 40.0
0.675084, -47.0, 1.0, 39.0
0.8060884, -39.0, 1.0, 46.0
0.3181529, -39.0, 2.0, 42.0
0.2432637, -51.0, 2.0, 37.0
0.867656, -37.0, 2.0, 46.0
0.4526042, -48.0, 0.0, 41.0
0.79304725, -46.0, 1.0, 39.0
0.58804756, -51.0, 0.0, 41.0
0.2023153, -47.0, 0.0, 41.0
0.93382835, -41.0, 1.0, 42.0
0.15299784, -42.0, 1.0, 41.0
0.13962644, -46.0, 2.0, 37.0
0.31284535, -39.0, 1.0, 45.0
0.863328, -41.0, 0.0, 46.0
0.25207004, -38.0, 1.0, 49.0
0.683195, -38.0, 1.0, 50.0
0.55262476, -42.0, 0.0, 44.0
0.98801357, -46.0, 0.0, 41.0
0.57547694, -38.0, 1.0, 48.0
0.5183045, -43.0, 2.0, 38.0
0.15098065, -45.0, 1.0, 39.0
0.5570901, -44.0, 0.0, 42.0
0.68242824, -40.0, 0.0, 50.0
0.33881652, -45.0, 2.0, 37.0
0.47653744, -40.0, 0.0, 48.0
0.83423597, -36.0, 2.0, 50.0
0.3504724, -49.0, 1.0, 38.0
0.5924027, -36.0, 2.0, 48.0
0.29211333, -39.0, 1.0, 44.0
0.084094964, -40.0, 0.0, 47.0
0.7634037, -37.0, 2.0, 44.0
0.94022715, -51.0, 1.0, 38.0
0.9960678, -38.0, 1.0, 46.0
0.45107967, -38.0, 2.0, 42.0
0.71078235, -51.0, 0.0, 40.0
0.66498697, -41.0, 1.0, 41.0
0.23660564, -47.0, 0.0, 40.0
0.76665086, -40.0, 1.0, 42.0
0.17434138, -50.0, 2.0, 36.0
0.13427334, -42.0, 2.0, 38.0
0.9583935, -40.0, 0.0, 46.0
0.4706492, -48.0, 2.0, 36.0
0.86503357, -41.0, 0.0, 44.0
0.7162588, -36.0, 2.0, 46.0
0.8949482, -51.0, 2.0, 36.0
0.51292175, -44.0, 0.0, 41.0
0.24419366, -47.0, 2.0, 36.0
0.8660007, -39.0, 0.0, 50.0
0.7556056, -37.0, 1.0, 50.0
0.31339732, -45.0, 1.0, 38.0
0.3132724, -46.0, 2.0, 36.0
0.4531933, -36.0, 2.0, 45.0
0.87248224, -43.0, 2.0, 37.0
0.60193217, -43.0, 0.0, 41.0
0.9888218, -49.0, 0.0, 39.0
0.7859887, -41.0, 2.0, 38.0
0.87069213, -48.0, 0.0, 39.0
0.23365793, -41.0, 1.0, 40.0
0.19289005, -51.0, 0.0, 39.0
0.20054612, -35.0, 2.0, 50.0
0.004183224, -39.0, 1.0, 42.0
0.8812305, -47.0, 0.0, 39.0
0.8837095, -51.0, 1.0, 37.0
0.53225744, -39.0, 0.0, 46.0
0.15991038, -37.0, 1.0, 46.0
0.84229124, -35.0, 2.0, 48.0
0.12753859, -36.0, 2.0, 44.0
0.2621372, -37.0, 2.0, 42.0
0.17466122, -46.0, 0.0, 39.0
0.068616904, -46.0, 1.0, 37.0
0.9697452, -41.0, 0.0, 42.0
0.64065367, -42.0, 0.0, 41.0
0.031705, -39.0, 0.0, 45.0
0.92284685, -48.0, 2.0, 35.0
0.3016941, -38.0, 0.0, 49.0
0.631316, -43.0, 1.0, 38.0
0.70853513, -38.0, 0.0, 50.0
0.09934331, -51.0, 2.0, 35.0
0.13973005, -38.0, 0.0, 48.0
0.08762262, -45.0, 0.0, 39.0
0.9323273, -45.0, 1.0, 37.0
0.60765105, -36.0, 1.0, 50.0
0.7335227, -36.0, 1.0, 48.0
0.17951527, -49.0, 0.0, 38.0
0.8663369, -43.0, 2.0, 36.0
0.7101898, -46.0, 2.0, 35.0
0.70326656, -39.0, 0.0, 44.0
0.7192702, -37.0, 1.0, 44.0
0.79831266, -41.0, 2.0, 37.0
0.2302247, -51.0, 0.0, 38.0
0.96870655, -38.0, 1.0, 42.0
0.7017997, -38.0, 0.0, 46.0
0.23110114, -50.0, 1.0, 36.0
0.70182544, -42.0, 1.0, 38.0
0.5776853, -41.0, 0.0, 41.0
0.0706241, -48.0, 1.0, 36.0
0.38597265, -40.0, 0.0, 42.0
0.42043823, -45.0, 2.0, 35.0
0.6678851, -36.0, 1.0, 46.0
0.44831496, -51.0, 1.0, 36.0
0.02079777, -36.0, 2.0, 42.0
0.5708588, -47.0, 1.0, 36.0
0.70266515, -34.0, 2.0, 49.0
0.32899806, -34.0, 2.0, 50.0
0.6380564, -34.0, 2.0, 48.0
0.25880918, -46.0, 1.0, 36.0
0.8103686, -37.0, 0.0, 50.0
0.02054441, -36.0, 1.0, 45.0
0.6117626, -43.0, 1.0, 37.0
0.4529844, -45.0, 0.0, 38.0
0.52620405, -44.0, 2.0, 35.0
0.44536695, -49.0, 2.0, 34.0
0.49773973, -41.0, 1.0, 38.0
0.5563496, -48.0, 2.0, 34.0
0.4867796, -41.0, 0.0, 40.0
0.7612787, -51.0, 2.0, 34.0
0.80828303, -35.0, 1.0, 50.0
0.56863225, -35.0, 1.0, 48.0
0.65959567, -36.0, 1.0, 44.0
0.647658, -39.0, 0.0, 42.0
0.83009654, -37.0, 1.0, 42.0
0.5763685, -51.0, 0.0, 37.0
0.50327927, -37.0, 0.0, 46.0
0.017205378, -43.0, 2.0, 35.0
0.6434948, -41.0, 2.0, 36.0
0.61252534, -46.0, 0.0, 37.0
0.049068768, -48.0, 1.0, 35.0
0.859865, -51.0, 1.0, 35.0
0.3612097, -35.0, 2.0, 42.0
0.7646367, -43.0, 0.0, 38.0
0.27003413, -45.0, 2.0, 34.0
0.9030242, -34.0, 2.0, 44.0
0.7467457, -45.0, 0.0, 37.0
0.7785528, -36.0, 0.0, 50.0
0.26174578, -33.0, 2.0, 50.0
0.78089136, -43.0, 1.0, 36.0
0.795077, -46.0, 1.0, 35.0
0.30431914, -36.0, 0.0, 48.0
0.6965798, -33.0, 2.0, 48.0
0.44599447, -41.0, 1.0, 37.0
0.56258315, -37.0, 0.0, 44.0
0.36136326, -40.0, 2.0, 36.0
0.7335759, -38.0, 0.0, 42.0
0.6270284, -45.0, 1.0, 35.0
0.5184693, -50.0, 0.0, 36.0
0.56208193, -42.0, 0.0, 38.0
0.0667382, -48.0, 0.0, 36.0
0.23982108, -36.0, 1.0, 42.0
0.9565215, -35.0, 2.0, 41.0
0.12608698, -36.0, 0.0, 46.0
0.076899864, -51.0, 0.0, 36.0
0.79197544, -34.0, 1.0, 49.0
0.55389595, -34.0, 1.0, 50.0
0.7417798, -48.0, 2.0, 33.0
0.11574375, -47.0, 0.0, 36.0
0.9867848, -34.0, 1.0, 48.0
0.9927453, -51.0, 2.0, 33.0
0.88759047, -47.0, 2.0, 33.0
0.79530257, -44.0, 1.0, 35.0
0.9283072, -46.0, 0.0, 36.0
0.67083484, -36.0, 0.0, 45.0
0.3121304, -43.0, 0.0, 37.0
0.782236, -33.0, 2.0, 45.0
0.55702376, -49.0, 1.0, 34.0
0.91890466, -48.0, 1.0, 34.0
0.99067175, -39.0, 2.0, 36.0
0.0034089487, -41.0, 0.0, 38.0
0.20429565, -34.0, 2.0, 42.0
0.81538284, -51.0, 1.0, 34.0
0.024781562, -35.0, 0.0, 50.0
0.35777342, -45.0, 2.0, 33.0
0.44387192, -35.0, 0.0, 48.0
0.64315975, -43.0, 1.0, 35.0
0.6326014, -35.0, 2.0, 40.0
0.9992802, -36.0, 0.0, 44.0
0.73999166, -41.0, 1.0, 36.0
0.26848236, -37.0, 0.0, 42.0
0.5891782, -33.0, 2.0, 44.0
0.0065261964, -32.0, 2.0, 50.0
0.7441607, -48.0, 0.0, 35.0
0.23862939, -35.0, 1.0, 42.0
0.2194164, -45.0, 1.0, 34.0
0.7870669, -51.0, 0.0, 35.0
0.47647363, -34.0, 1.0, 44.0
0.19288169, -33.0, 1.0, 50.0
0.32063428, -49.0, 2.0, 32.0
0.87780285, -38.0, 2.0, 36.0
0.042390797, -33.0, 1.0, 48.0
0.26040098, -41.0, 2.0, 34.0
0.19737257, -43.0, 0.0, 36.0
0.8975734, -46.0, 0.0, 35.0
0.98216844, -48.0, 2.0, 32.0
0.47898376, -40.0, 1.0, 36.0
0.32801718, -41.0, 0.0, 37.0
0.28406796, -43.0, 2.0, 33.0
0.8276794, -51.0, 2.0, 32.0
0.9102578, -35.0, 2.0, 39.0
0.05096164, -45.0, 0.0, 35.0
0.10439282, -35.0, 1.0, 41.0
0.9501516, -48.0, 1.0, 33.0
0.049740624, -36.0, 0.0, 42.0
0.05744947, -34.0, 0.0, 49.0
0.66710675, -34.0, 0.0, 50.0
0.32238954, -51.0, 1.0, 33.0
0.33427992, -47.0, 1.0, 33.0
0.40889993, -34.0, 0.0, 48.0
0.88326555, -42.0, 2.0, 33.0
0.390333, -45.0, 2.0, 32.0
0.03474967, -40.0, 2.0, 34.0
0.25843567, -44.0, 0.0, 35.0
0.32499287, -33.0, 1.0, 45.0
0.8513483, -32.0, 2.0, 44.0
0.58847433, -49.0, 0.0, 34.0
0.4494942, -39.0, 1.0, 36.0
0.7123201, -34.0, 1.0, 42.0
0.77043325, -48.0, 0.0, 34.0
0.4737075, -37.0, 2.0, 36.0
0.68881905, -31.0, 2.0, 50.0
0.12251574, -51.0, 0.0, 34.0
0.13055897, -45.0, 1.0, 33.0
0.05759181, -35.0, 2.0, 38.0
0.046791404, -31.0, 2.0, 48.0
0.560851, -35.0, 1.0, 40.0
0.6096588, -33.0, 1.0, 44.0
0.45937827, -43.0, 0.0, 35.0
0.12497563, -41.0, 0.0, 36.0
0.65772355, -31.0, 2.0, 47.0
0.10431466, -32.0, 1.0, 50.0
0.36228576, -41.0, 2.0, 33.0
0.3489181, -31.0, 2.0, 46.0
0.1642909, -39.0, 2.0, 34.0
0.27898028, -35.0, 0.0, 42.0
0.88023204, -43.0, 2.0, 32.0
0.4936508, -45.0, 0.0, 34.0
0.60723805, -51.0, 2.0, 31.0
0.20961867, -34.0, 0.0, 44.0
0.039769474, -49.0, 1.0, 32.0
0.7300164, -38.0, 1.0, 36.0
0.93303275, -41.0, 1.0, 34.0
0.011921794, -33.0, 0.0, 50.0
0.17291035, -48.0, 1.0, 32.0
0.19184583, -31.0, 2.0, 45.0
0.22299811, -32.0, 2.0, 42.0
0.19681852, -33.0, 0.0, 48.0
0.5331284, -33.0, 2.0, 40.0
0.30718207, -43.0, 1.0, 33.0
0.5927579, -51.0, 1.0, 32.0
0.37976596, -40.0, 0.0, 36.0
0.744674, -35.0, 1.0, 39.0
0.9111595, -36.0, 2.0, 36.0
0.2030871, -35.0, 2.0, 37.0
0.8853592, -35.0, 0.0, 41.0
0.2744432, -31.0, 2.0, 44.0
0.46381134, -48.0, 0.0, 33.0
0.90392727, -51.0, 0.0, 33.0
0.7350823, -47.0, 0.0, 33.0
0.9759907, -42.0, 1.0, 33.0
0.53299165, -45.0, 1.0, 32.0
0.40930137, -40.0, 1.0, 34.0
0.4835631, -32.0, 1.0, 44.0
0.89688057, -30.0, 2.0, 50.0
0.070763014, -33.0, 0.0, 45.0
0.058091227, -30.0, 2.0, 48.0
0.37748435, -33.0, 2.0, 39.0
0.96341765, -39.0, 0.0, 36.0
0.9110149, -37.0, 1.0, 36.0
0.15411565, -41.0, 2.0, 32.0
0.35134074, -34.0, 0.0, 42.0
0.86090684, -31.0, 1.0, 50.0
0.34674123, -35.0, 1.0, 38.0
0.59867454, -39.0, 2.0, 33.0
0.4455221, -31.0, 1.0, 48.0
0.4129359, -45.0, 0.0, 33.0
0.60732067, -35.0, 0.0, 40.0
0.029701615, -33.0, 0.0, 44.0
0.33474147, -31.0, 1.0, 47.0
0.029782185, -43.0, 2.0, 31.0
0.54930615, -49.0, 2.0, 30.0
0.96389264, -41.0, 1.0, 33.0
0.788616, -50.0, 2.0, 30.0
0.3438927, -48.0, 2.0, 30.0
0.8986456, -35.0, 2.0, 36.0
0.501656, -32.0, 0.0, 50.0
0.051247474, -51.0, 2.0, 30.0
0.9794901, -47.0, 2.0, 30.0
0.93791795, -31.0, 1.0, 46.0
0.99945545, -39.0, 1.0, 34.0
0.3229385, -31.0, 2.0, 42.0
0.51370794, -43.0, 1.0, 32.0
0.6190849, -37.0, 2.0, 34.0
0.7400943, -51.0, 1.0, 31.0
0.7547194, -46.0, 2.0, 30.0
0.078259915, -31.0, 1.0, 45.0
0.700421, -32.0, 1.0, 42.0
0.03871524, -49.0, 0.0, 32.0
0.6251499, -38.0, 0.0, 36.0
0.723501, -41.0, 0.0, 34.0
0.6556991, -33.0, 1.0, 40.0
0.4107667, -48.0, 0.0, 32.0
0.6588989, -43.0, 0.0, 33.0
0.62083715, -51.0, 0.0, 32.0
0.7843742, -45.0, 2.0, 30.0
0.3979144, -36.0, 1.0, 36.0
0.7678942, -35.0, 0.0, 39.0
0.41479445, -35.0, 1.0, 37.0
0.16341922, -31.0, 2.0, 41.0
0.39885172, -31.0, 1.0, 44.0
0.8483744, -32.0, 2.0, 39.0
0.55265903, -44.0, 2.0, 30.0
0.8246337, -29.0, 2.0, 50.0
0.38418972, -39.0, 2.0, 32.0
0.6509617, -29.0, 2.0, 48.0
0.21745013, -42.0, 0.0, 33.0
0.81565857, -45.0, 0.0, 32.0
0.6880851, -30.0, 1.0, 50.0
0.1559169, -40.0, 0.0, 34.0
0.5690912, -34.0, 2.0, 36.0
0.60859436, -32.0, 0.0, 44.0
0.16398905, -30.0, 1.0, 48.0
0.33202386, -36.0, 2.0, 34.0
0.35899517, -29.0, 2.0, 47.0
0.6570356, -33.0, 1.0, 39.0
0.8678786, -41.0, 1.0, 32.0
0.6350912, -37.0, 0.0, 36.0
0.6248812, -39.0, 1.0, 33.0
0.77049595, -43.0, 2.0, 30.0
0.08955697, -31.0, 0.0, 50.0
0.11084797, -29.0, 2.0, 46.0
0.09549263, -35.0, 0.0, 38.0
0.37461522, -37.0, 2.0, 33.0
0.99108654, -31.0, 0.0, 48.0
0.5070494, -43.0, 1.0, 31.0
0.138986, -49.0, 1.0, 30.0
0.65620106, -31.0, 0.0, 47.0
0.33114558, -50.0, 1.0, 30.0
0.37089628, -48.0, 1.0, 30.0
0.5741145, -35.0, 1.0, 36.0
0.054074302, -41.0, 0.0, 33.0
0.7550747, -32.0, 2.0, 38.0
0.71041316, -51.0, 1.0, 30.0
0.4299289, -29.0, 2.0, 45.0
0.5498496, -47.0, 1.0, 30.0
0.9126066, -31.0, 1.0, 42.0
0.43221712, -31.0, 0.0, 46.0
0.7875719, -39.0, 0.0, 34.0
0.7371976, -37.0, 1.0, 34.0
0.2287496, -38.0, 2.0, 32.0
0.43314987, -43.0, 0.0, 32.0
0.16684279, -42.0, 2.0, 30.0
0.7037982, -46.0, 1.0, 30.0
0.4980209, -51.0, 0.0, 31.0
0.9195335, -29.0, 2.0, 44.0
0.5305603, -31.0, 0.0, 45.0
0.34711075, -32.0, 0.0, 42.0
0.5982028, -33.0, 0.0, 40.0
0.2553504, -30.0, 2.0, 41.0
0.87135553, -45.0, 1.0, 30.0
0.86324793, -35.0, 2.0, 34.0
0.52702206, -36.0, 0.0, 36.0
0.39943606, -33.0, 2.0, 36.0
0.5183742, -35.0, 0.0, 37.0
0.79765636, -31.0, 1.0, 41.0
0.65362763, -41.0, 2.0, 30.0
0.7818135, -32.0, 1.0, 39.0
0.7554739, -31.0, 0.0, 44.0
0.22697017, -29.0, 2.0, 43.0
0.5464703, -28.0, 2.0, 50.0
0.29058576, -44.0, 1.0, 30.0
0.07784926, -29.0, 1.0, 50.0
0.35331893, -32.0, 2.0, 37.0
0.9901637, -28.0, 2.0, 48.0
0.89334375, -39.0, 1.0, 32.0
0.43062243, -29.0, 1.0, 48.0
0.03553301, -37.0, 2.0, 32.0
0.8361319, -34.0, 1.0, 36.0
0.30083358, -30.0, 0.0, 50.0
0.07078682, -36.0, 1.0, 34.0
0.55610615, -29.0, 1.0, 47.0
0.14532647, -30.0, 0.0, 48.0
0.99566925, -33.0, 0.0, 39.0
0.2729929, -41.0, 0.0, 32.0
0.22843766, -43.0, 1.0, 30.0
0.67602223, -29.0, 1.0, 46.0
0.8951627, -39.0, 0.0, 33.0
0.9600179, -37.0, 1.0, 33.0
0.285791, -29.0, 2.0, 42.0
0.14567691, -40.0, 2.0, 30.0
0.89488506, -43.0, 0.0, 31.0
0.48036167, -49.0, 0.0, 30.0
0.8615693, -50.0, 0.0, 30.0
0.853067, -48.0, 0.0, 30.0
0.5483597, -32.0, 1.0, 38.0
0.1782626, -35.0, 0.0, 36.0
0.76992303, -29.0, 1.0, 45.0
0.18538858, -33.0, 2.0, 35.0
0.17832862, -51.0, 0.0, 30.0
0.105530165, -47.0, 0.0, 30.0
0.22636904, -35.0, 2.0, 33.0
0.25473863, -38.0, 1.0, 32.0
0.7863211, -31.0, 0.0, 42.0
0.20994064, -42.0, 1.0, 30.0
0.610013, -37.0, 0.0, 34.0
0.40936786, -32.0, 2.0, 36.0
0.22979395, -30.0, 2.0, 39.0
0.6015452, -46.0, 0.0, 30.0
0.8621336, -29.0, 2.0, 41.0
0.64732444, -29.0, 1.0, 44.0
0.26990128, -30.0, 1.0, 41.0
0.04609075, -35.0, 1.0, 34.0
0.14029866, -39.0, 2.0, 30.0
0.023583323, -45.0, 0.0, 30.0
0.2579901, -33.0, 1.0, 36.0
0.66385555, -41.0, 1.0, 30.0
0.9028486, -31.0, 0.0, 41.0
0.98648185, -28.0, 2.0, 43.0
0.42520842, -29.0, 1.0, 43.0
0.92255324, -28.0, 1.0, 50.0
0.6854971, -32.0, 0.0, 39.0
0.20526136, -27.0, 2.0, 50.0
0.9671506, -32.0, 1.0, 37.0
0.4045604, -28.0, 1.0, 48.0
0.44996136, -44.0, 0.0, 30.0
0.8577377, -27.0, 2.0, 48.0
0.37425405, -29.0, 0.0, 50.0
0.5015738, -39.0, 0.0, 32.0
0.5339502, -37.0, 1.0, 32.0
0.53560334, -29.0, 0.0, 48.0
0.74870026, -27.0, 2.0, 47.0
0.14390679, -34.0, 0.0, 36.0
0.9125008, -30.0, 2.0, 38.0
0.89458776, -36.0, 0.0, 34.0
0.16986316, -29.0, 0.0, 47.0
0.90698326, -33.0, 2.0, 34.0
0.69256973, -27.0, 2.0, 46.0
0.92768127, -38.0, 2.0, 30.0
0.5228849, -43.0, 0.0, 30.0
0.3541916, -29.0, 1.0, 42.0
0.5059487, -29.0, 0.0, 46.0
0.27185243, -40.0, 1.0, 30.0
0.5887507, -37.0, 0.0, 33.0
0.27311087, -31.0, 2.0, 36.0
0.73998713, -27.0, 2.0, 45.0
0.2721676, -33.0, 1.0, 35.0
0.6092711, -32.0, 0.0, 38.0
0.5412245, -29.0, 0.0, 45.0
0.35127068, -35.0, 1.0, 33.0
0.6219451, -29.0, 2.0, 39.0
0.9866709, -38.0, 0.0, 32.0
0.7175863, -42.0, 0.0, 30.0
0.34431636, -32.0, 1.0, 36.0
0.27355626, -30.0, 1.0, 39.0
0.25502172, -29.0, 1.0, 41.0
0.09850823, -29.0, 0.0, 44.0
0.8655113, -39.0, 1.0, 30.0
0.97170925, -30.0, 0.0, 41.0
0.9695454, -35.0, 0.0, 34.0
0.89818716, -37.0, 2.0, 30.0
0.26193362, -33.0, 0.0, 36.0
0.19953012, -28.0, 1.0, 43.0
0.69985336, -41.0, 0.0, 30.0
0.41929284, -27.0, 1.0, 50.0
0.38536078, -29.0, 0.0, 43.0
0.54748094, -28.0, 0.0, 50.0
0.88447696, -27.0, 1.0, 48.0
0.56388855, -32.0, 0.0, 37.0
0.88368225, -26.0, 2.0, 50.0
0.5161322, -28.0, 0.0, 48.0
0.9065826, -27.0, 1.0, 47.0
0.80165887, -37.0, 0.0, 32.0
0.21509923, -30.0, 1.0, 38.0
0.5460323, -33.0, 1.0, 34.0
0.3845544, -27.0, 1.0, 46.0
0.76026976, -38.0, 1.0, 30.0
0.64490765, -30.0, 2.0, 36.0
0.6313956, -29.0, 0.0, 42.0
0.33616635, -40.0, 0.0, 30.0
0.93178743, -36.0, 2.0, 30.0
0.5403241, -31.0, 1.0, 36.0
0.21905282, -27.0, 1.0, 45.0
0.5713552, -26.0, 2.0, 45.0
0.59943587, -28.0, 2.0, 39.0
0.86572945, -33.0, 0.0, 35.0
0.22009023, -29.0, 1.0, 39.0
0.39614362, -35.0, 0.0, 33.0
0.9805718, -32.0, 0.0, 36.0
0.89886814, -30.0, 0.0, 39.0
0.86882436, -29.0, 0.0, 41.0
0.46905285, -31.0, 2.0, 34.0
0.75460947, -39.0, 0.0, 30.0
0.83795625, -37.0, 1.0, 30.0
0.85224056, -34.0, 2.0, 31.0
0.4413839, -28.0, 0.0, 43.0
0.5987283, -27.0, 0.0, 50.0
0.15031326, -26.0, 1.0, 50.0
0.60274655, -35.0, 2.0, 30.0
0.83403313, -27.0, 0.0, 48.0
0.08954877, -25.0, 2.0, 50.0
0.22505021, -27.0, 0.0, 47.0
0.8980719, -30.0, 0.0, 38.0
0.45604944, -25.0, 2.0, 48.0
0.34556144, -33.0, 0.0, 34.0
0.13550669, -29.0, 2.0, 36.0
0.944368, -25.0, 2.0, 47.0
0.55392826, -27.0, 0.0, 46.0
0.08294923, -38.0, 0.0, 30.0
0.09154682, -30.0, 1.0, 36.0
0.93204147, -36.0, 1.0, 30.0
0.79567665, -25.0, 2.0, 46.0
0.3365402, -31.0, 0.0, 36.0
0.4674862, -27.0, 0.0, 45.0
0.6485807, -26.0, 1.0, 45.0
0.13997294, -32.0, 2.0, 32.0
0.9579838, -28.0, 1.0, 39.0
0.12833665, -27.0, 2.0, 39.0
0.108609654, -29.0, 0.0, 39.0
0.61828375, -28.0, 2.0, 37.0
0.14484167, -25.0, 2.0, 45.0
0.14521995, -30.0, 2.0, 34.0
0.31863284, -26.0, 2.0, 41.0
0.06658968, -34.0, 2.0, 30.0
0.6771387, -31.0, 1.0, 34.0
0.89021504, -34.0, 1.0, 31.0
0.23240863, -25.0, 2.0, 44.0
0.88341045, -37.0, 0.0, 30.0
0.24201827, -29.0, 2.0, 35.0
0.9315678, -35.0, 1.0, 30.0
0.67261714, -26.0, 0.0, 50.0
0.9621094, -25.0, 2.0, 43.0
0.21250112, -25.0, 1.0, 50.0
0.11210638, -25.0, 1.0, 48.0
0.49546412, -28.0, 2.0, 36.0
0.047995843, -29.0, 1.0, 36.0
0.51294464, -25.0, 1.0, 47.0
0.6868696, -24.0, 2.0, 50.0
0.55708975, -31.0, 2.0, 32.0
0.90453345, -30.0, 0.0, 36.0
0.7516547, -32.0, 2.0, 31.0
0.4203686, -25.0, 1.0, 46.0
0.10412645, -36.0, 0.0, 30.0
0.8380012, -25.0, 2.0, 42.0
0.6302006, -33.0, 2.0, 30.0
0.099567905, -32.0, 1.0, 32.0
0.055477947, -27.0, 1.0, 39.0
0.32624346, -26.0, 0.0, 45.0
0.7493387, -28.0, 0.0, 39.0
0.00558475, -29.0, 2.0, 34.0
0.2683676, -28.0, 1.0, 37.0
0.72468346, -26.0, 2.0, 39.0
0.32304654, -25.0, 1.0, 45.0
0.5052699, -30.0, 1.0, 34.0
0.28893042, -26.0, 1.0, 41.0
0.2815651, -34.0, 1.0, 30.0
0.98502845, -25.0, 2.0, 41.0
0.07324751, -31.0, 0.0, 34.0
0.27609998, -25.0, 1.0, 44.0
0.9844258, -34.0, 0.0, 31.0
0.8261469, -29.0, 1.0, 35.0
0.7356558, -35.0, 0.0, 30.0
0.75726855, -25.0, 1.0, 43.0
0.0810923, -25.0, 0.0, 50.0
0.036591858, -28.0, 1.0, 36.0
0.1387431, -27.0, 2.0, 36.0
0.6251736, -25.0, 0.0, 48.0
0.47103184, -32.0, 2.0, 30.0
0.04319901, -29.0, 0.0, 36.0
0.18864001, -24.0, 1.0, 50.0
0.3176936, -25.0, 0.0, 47.0
0.54667765, -31.0, 1.0, 32.0
0.83017886, -32.0, 1.0, 31.0
0.4830406, -25.0, 1.0, 42.0
0.43570775, -33.0, 1.0, 30.0
0.47938925, -25.0, 0.0, 46.0
0.21062274, -23.0, 2.0, 49.0
0.5611904, -23.0, 2.0, 50.0
0.1489068, -32.0, 0.0, 32.0
0.39099574, -23.0, 2.0, 48.0
0.1765003, -27.0, 0.0, 39.0
0.33549336, -29.0, 1.0, 34.0
0.615413, -26.0, 1.0, 39.0
0.32940927, -28.0, 0.0, 37.0
0.09646725, -23.0, 2.0, 47.0
0.93621296, -25.0, 0.0, 45.0
0.29829785, -25.0, 2.0, 39.0
0.47558576, -30.0, 0.0, 34.0
0.4536519, -26.0, 0.0, 41.0
0.60015815, -34.0, 0.0, 30.0
0.50056076, -23.0, 2.0, 46.0
0.5491484, -25.0, 1.0, 41.0
0.01969143, -27.0, 2.0, 35.0
0.16490734, -25.0, 0.0, 44.0
0.65985894, -29.0, 0.0, 35.0
0.9512787, -23.0, 2.0, 45.0
0.8466402, -31.0, 2.0, 30.0
0.19203888, -29.0, 2.0, 32.0
0.9452557, -25.0, 0.0, 43.0
0.78601855, -23.0, 2.0, 44.0
0.22497419, -27.0, 1.0, 36.0
0.7360001, -25.0, 2.0, 38.0
0.48047996, -32.0, 1.0, 30.0
0.5349167, -28.0, 0.0, 36.0
0.8037663, -24.0, 0.0, 50.0
0.29966083, -31.0, 0.0, 32.0
0.0816677, -32.0, 0.0, 31.0
0.82499146, -23.0, 2.0, 43.0
0.3982107, -25.0, 0.0, 42.0
0.5732617, -33.0, 0.0, 30.0
0.7422812, -23.0, 1.0, 49.0
0.42626992, -23.0, 1.0, 50.0
0.6200235, -23.0, 1.0, 48.0
0.14038154, -27.0, 2.0, 34.0
0.22387958, -29.0, 0.0, 34.0
0.34270477, -26.0, 0.0, 39.0
0.35785088, -23.0, 1.0, 47.0
0.45271268, -25.0, 1.0, 39.0
0.018640114, -23.0, 1.0, 46.0
0.6190572, -23.0, 2.0, 42.0
0.30766574, -25.0, 0.0, 41.0
0.024845019, -27.0, 1.0, 35.0
0.6380067, -30.0, 2.0, 30.0
0.27637413, -23.0, 1.0, 45.0
0.20723653, -29.0, 2.0, 31.0
0.9809274, -31.0, 1.0, 30.0
0.65156794, -28.0, 2.0, 32.0
0.60997725, -29.0, 1.0, 32.0
0.16410258, -23.0, 2.0, 41.0
0.79698503, -23.0, 1.0, 44.0
0.15124485, -25.0, 1.0, 38.0
0.9364197, -27.0, 0.0, 36.0
0.48309314, -32.0, 0.0, 30.0
0.32583883, -25.0, 2.0, 36.0
0.348093, -23.0, 1.0, 43.0
0.75965637, -23.0, 0.0, 49.0
0.69727695, -23.0, 0.0, 50.0
0.96598417, -27.0, 1.0, 34.0
0.8225028, -23.0, 0.0, 48.0
0.2417117, -23.0, 2.0, 40.0
0.08533292, -23.0, 0.0, 47.0
0.14145291, -25.0, 0.0, 39.0
0.5433061, -23.0, 1.0, 42.0
0.80941874, -23.0, 0.0, 46.0
0.8186822, -29.0, 2.0, 30.0
0.096594475, -27.0, 0.0, 35.0
0.14727508, -30.0, 1.0, 30.0
0.7063419, -29.0, 1.0, 31.0
0.023324722, -23.0, 0.0, 45.0
0.3778775, -25.0, 2.0, 35.0
0.12772532, -23.0, 2.0, 39.0
0.30778557, -28.0, 1.0, 32.0
0.46417436, -31.0, 0.0, 30.0
0.2742265, -27.0, 2.0, 32.0
0.5194123, -29.0, 0.0, 32.0
0.056827657, -23.0, 1.0, 41.0
0.26378798, -23.0, 0.0, 44.0
0.91807264, -25.0, 0.0, 38.0
0.3866356, -25.0, 1.0, 36.0
0.95061016, -23.0, 0.0, 43.0
0.05273653, -23.0, 2.0, 38.0
0.71121216, -23.0, 1.0, 40.0
0.9224442, -27.0, 0.0, 34.0
0.60865355, -28.0, 2.0, 30.0
0.21546614, -23.0, 0.0, 42.0
0.23272826, -29.0, 1.0, 30.0
0.24905956, -30.0, 0.0, 30.0
0.08875364, -29.0, 0.0, 31.0
0.4433506, -25.0, 1.0, 35.0
0.8106489, -23.0, 1.0, 39.0
0.073112726, -27.0, 1.0, 32.0
0.7810584, -23.0, 2.0, 37.0
0.6357362, -28.0, 0.0, 32.0
0.49467534, -26.0, 2.0, 32.0
0.19401635, -24.0, 2.0, 35.0
0.90720904, -23.0, 0.0, 41.0
0.30013353, -25.0, 0.0, 36.0
0.25422984, -25.0, 2.0, 33.0
0.48977014, -23.0, 1.0, 38.0
0.37897283, -23.0, 0.0, 40.0
0.9943105, -23.0, 2.0, 36.0
0.8442374, -28.0, 1.0, 30.0
0.41172388, -27.0, 2.0, 30.0
0.029579138, -29.0, 0.0, 30.0
0.02589381, -25.0, 0.0, 35.0
0.9304675, -23.0, 0.0, 39.0
0.20829974, -23.0, 1.0, 37.0
0.52101403, -27.0, 0.0, 32.0
0.57918704, -26.0, 1.0, 32.0
0.746928, -24.0, 1.0, 35.0
0.06740137, -25.0, 2.0, 32.0
0.55181456, -23.0, 2.0, 35.0
0.6742648, -25.0, 1.0, 33.0
0.7697168, -23.0, 0.0, 38.0
0.11821432, -23.0, 1.0, 36.0
0.3424438, -27.0, 1.0, 30.0
0.8800048, -28.0, 0.0, 30.0
0.6349004, -26.0, 2.0, 30.0
0.76532835, -23.0, 2.0, 34.0
0.7591184, -23.0, 0.0, 37.0
0.5005707, -26.0, 0.0, 32.0
0.80240345, -24.0, 0.0, 35.0
0.14158954, -25.0, 1.0, 32.0
0.8519961, -23.0, 1.0, 35.0
0.03395974, -25.0, 0.0, 33.0
0.2735566, -23.0, 0.0, 36.0
0.560816, -23.0, 2.0, 33.0
0.029923666, -27.0, 0.0, 30.0
0.061581995, -26.0, 1.0, 30.0
0.0068645314, -25.0, 2.0, 30.0
0.72748756, -23.0, 1.0, 34.0
0.57148105, -25.0, 0.0, 32.0
0.36943826, -23.0, 0.0, 35.0
0.5447205, -23.0, 2.0, 32.0
0.11774745, -23.0, 1.0, 33.0
0.6808498, -26.0, 0.0, 30.0
0.024316054, -25.0, 1.0, 30.0
0.76320636, -23.0, 0.0, 34.0
0.38452813, -24.0, 2.0, 30.0
0.8370704, -23.0, 2.0, 31.0
0.33252433, -23.0, 1.0, 32.0
0.5877829, -23.0, 0.0, 33.0
0.85934347, -25.0, 0.0, 30.0
0.75654405, -24.0, 1.0, 30.0
0.094039515, -23.0, 2.0, 30.0
0.97958773, -23.0, 1.0, 31.0
0.2242624, -23.0, 0.0, 32.0
0.8911718, -24.0, 0.0, 30.0
0.33153617, -23.0, 1.0, 30.0
0.49022362, -23.0, 0.0, 31.0
0.2098088, -23.0, 0.0, 30.0
