0.28271824, -51.0, 2.0, 46.0
0.18670389, -51.0, 2.0, 47.0
0.36383998, -48.0, 2.0, 50.0
0.54012126, -47.0, 2.0, 50.0
0.30398542, -51.0, 2.0, 45.0
0.25346893, -51.0, 2.0, 48.0
0.12351476, -49.0, 2.0, 50.0
0.38647616, -46.0, 2.0, 50.0
0.37890854, -51.0, 2.0, 44.0
0.878138, -51.0, 2.0, 49.0
0.7528609, -50.0, 2.0, 50.0
0.6977582, -45.0, 2.0, 50.0
0.62133795, -51.0, 2.0, 43.0
0.9523286, -51.0, 2.0, 50.0
0.34992304, -44.0, 2.0, 50.0
0.38699302, -51.0, 1.0, 46.0
0.7548494, -51.0, 1.0, 47.0
0.12025546, -51.0, 2.0, 42.0
0.2520443, -48.0, 1.0, 50.0
0.7756046, -47.0, 1.0, 50.0
0.04719682, -51.0, 1.0, 45.0
0.28231177, -43.0, 2.0, 50.0
0.7688424, -51.0, 1.0, 48.0
0.16192792, -49.0, 1.0, 50.0
0.08290827, -46.0, 1.0, 50.0
0.7506757, -51.0, 1.0, 44.0
0.5598627, -51.0, 1.0, 49.0
0.45435792, -50.0, 1.0, 50.0
0.7939774, -45.0, 1.0, 50.0
0.23006678, -51.0, 2.0, 41.0
0.038286757, -51.0, 1.0, 43.0
0.24196966, -42.0, 2.0, 50.0
0.34926736, -51.0, 1.0, 50.0
0.26650575, -44.0, 1.0, 50.0
0.003363478, -51.0, 1.0, 42.0
0.4107933, -43.0, 1.0, 50.0
0.21515751, -51.0, 0.0, 46.0
0.057906985, -51.0, 0.0, 47.0
0.5567689, -48.0, 0.0, 50.0
0.43053088, -47.0, 0.0, 50.0
0.9431271, -51.0, 2.0, 40.0
0.5525595, -51.0, 0.0, 45.0
0.2418903, -51.0, 0.0, 48.0
0.7343526, -49.0, 0.0, 50.0
0.01438518, -46.0, 0.0, 50.0
0.5750289, -41.0, 2.0, 50.0
0.26006925, -51.0, 0.0, 44.0
0.19351204, -51.0, 0.0, 49.0
0.37731895, -50.0, 0.0, 50.0
0.31373927, -45.0, 0.0, 50.0
0.56412643, -51.0, 1.0, 41.0
0.548872, -41.0, 2.0, 42.0
0.15044762, -42.0, 1.0, 50.0
0.88047105, -51.0, 0.0, 43.0
0.6070312, -51.0, 0.0, 50.0
0.8030324, -44.0, 0.0, 50.0
0.33173257, -51.0, 2.0, 39.0
0.80923617, -40.0, 2.0, 50.0
0.5323678, -51.0, 0.0, 42.0
0.9996057, -41.0, 2.0, 41.0
0.2545085, -51.0, 1.0, 40.0
0.3004702, -43.0, 0.0, 50.0
0.63328815, -41.0, 1.0, 50.0
0.52028483, -40.0, 2.0, 42.0
0.96096474, -41.0, 1.0, 42.0
0.7362059, -51.0, 0.0, 41.0
0.97793126, -51.0, 2.0, 38.0
0.015700847, -42.0, 0.0, 50.0
0.6260197, -41.0, 2.0, 40.0
0.49287045, -39.0, 2.0, 50.0
0.20182888, -51.0, 1.0, 39.0
0.35267013, -40.0, 1.0, 50.0
0.6575954, -41.0, 1.0, 41.0
0.36057526, -39.0, 2.0, 42.0
0.6016036, -51.0, 0.0, 40.0
0.5082802, -40.0, 1.0, 42.0
0.12371337, -41.0, 0.0, 50.0
0.94124186, -51.0, 2.0, 37.0
0.829308, -51.0, 1.0, 38.0
0.17036752, -41.0, 0.0, 42.0
0.7124973, -41.0, 1.0, 40.0
0.24263726, -38.0, 2.0, 50.0
0.6830393, -39.0, 1.0, 50.0
0.9142896, -51.0, 0.0, 39.0
0.51808095, -40.0, 0.0, 50.0
0.31136513, -38.0, 2.0, 42.0
0.7170066, -39.0, 1.0, 42.0
0.21749751, -41.0, 0.0, 41.0
0.5635859, -41.0, 2.0, 38.0
0.15508905, -40.0, 0.0, 42.0
0.65301186, -51.0, 1.0, 37.0
0.24626508, -51.0, 2.0, 36.0
0.121745095, -38.0, 1.0, 50.0
0.39273766, -51.0, 0.0, 38.0
0.86535096, -37.0, 2.0, 50.0
0.30303296, -41.0, 0.0, 40.0
0.57441515, -39.0, 0.0, 50.0
0.04117048, -38.0, 1.0, 42.0
0.532425, -37.0, 2.0, 42.0
0.058177404, -41.0, 2.0, 37.0
0.7641313, -39.0, 0.0, 42.0
0.5977583, -41.0, 1.0, 38.0
0.40089363, -51.0, 1.0, 36.0
0.20661542, -51.0, 0.0, 37.0
0.53402615, -51.0, 2.0, 35.0
0.110558994, -37.0, 1.0, 50.0
0.4919912, -38.0, 0.0, 50.0
0.98750883, -36.0, 2.0, 50.0
0.42684463, -37.0, 1.0, 42.0
0.24124652, -38.0, 0.0, 42.0
0.4946647, -41.0, 1.0, 37.0
0.084432065, -41.0, 2.0, 36.0
0.31945378, -36.0, 2.0, 42.0
0.42067695, -41.0, 0.0, 38.0
0.036482155, -51.0, 0.0, 36.0
0.7837195, -51.0, 1.0, 35.0
0.1061584, -37.0, 0.0, 50.0
0.0729521, -36.0, 1.0, 50.0
0.500799, -40.0, 2.0, 36.0
0.91031015, -51.0, 2.0, 34.0
0.41229895, -35.0, 2.0, 50.0
0.54106796, -41.0, 1.0, 36.0
0.56745887, -37.0, 0.0, 42.0
0.9832589, -36.0, 1.0, 42.0
0.7190212, -41.0, 0.0, 37.0
0.7857119, -35.0, 2.0, 42.0
0.19434513, -39.0, 2.0, 36.0
0.23718496, -51.0, 0.0, 35.0
0.21077183, -40.0, 1.0, 36.0
0.14849824, -51.0, 1.0, 34.0
0.32838663, -36.0, 0.0, 50.0
0.6412795, -35.0, 2.0, 41.0
0.118987925, -35.0, 1.0, 50.0
0.47190994, -41.0, 0.0, 36.0
0.23716311, -51.0, 2.0, 33.0
0.8140975, -36.0, 0.0, 42.0
0.32861236, -35.0, 1.0, 42.0
0.65043914, -34.0, 2.0, 50.0
0.98604155, -35.0, 2.0, 40.0
0.7802076, -38.0, 2.0, 36.0
0.5384814, -39.0, 1.0, 36.0
0.2508968, -35.0, 1.0, 41.0
0.25081658, -40.0, 0.0, 36.0
0.8438783, -51.0, 0.0, 34.0
0.32229462, -35.0, 0.0, 50.0
0.18458779, -51.0, 1.0, 33.0
0.3521151, -35.0, 2.0, 39.0
0.46532875, -34.0, 1.0, 50.0
0.023791082, -35.0, 0.0, 42.0
0.5400249, -35.0, 1.0, 40.0
0.12536576, -38.0, 1.0, 36.0
0.9166734, -37.0, 2.0, 36.0
0.5379211, -51.0, 2.0, 32.0
0.5920809, -39.0, 0.0, 36.0
0.99892217, -33.0, 2.0, 50.0
0.66754377, -35.0, 0.0, 41.0
0.67921436, -35.0, 2.0, 38.0
0.69195545, -35.0, 1.0, 39.0
0.44296774, -51.0, 0.0, 33.0
0.90446895, -34.0, 0.0, 50.0
0.019213047, -35.0, 0.0, 40.0
0.21205914, -37.0, 1.0, 36.0
0.77312, -51.0, 1.0, 32.0
0.32345092, -38.0, 0.0, 36.0
0.78674775, -36.0, 2.0, 36.0
0.97089416, -33.0, 1.0, 50.0
0.14519005, -35.0, 2.0, 37.0
0.35177043, -35.0, 1.0, 38.0
0.6680037, -51.0, 2.0, 31.0
0.59523785, -35.0, 0.0, 39.0
0.46134305, -32.0, 2.0, 50.0
0.25291136, -37.0, 0.0, 36.0
0.11773315, -51.0, 0.0, 32.0
0.09041092, -36.0, 1.0, 36.0
0.82294375, -33.0, 0.0, 50.0
0.14759338, -35.0, 1.0, 37.0
0.09863933, -35.0, 2.0, 36.0
0.48414013, -35.0, 0.0, 38.0
0.11166096, -51.0, 1.0, 31.0
0.8442537, -48.0, 2.0, 30.0
0.0028661194, -47.0, 2.0, 30.0
0.78550035, -49.0, 2.0, 30.0
0.2579428, -46.0, 2.0, 30.0
0.5139208, -32.0, 1.0, 50.0
0.8776964, -50.0, 2.0, 30.0
0.65764874, -45.0, 2.0, 30.0
0.76476544, -36.0, 0.0, 36.0
0.6672738, -51.0, 2.0, 30.0
0.9769724, -44.0, 2.0, 30.0
0.14153941, -35.0, 1.0, 36.0
0.09459489, -35.0, 0.0, 37.0
0.5957843, -31.0, 2.0, 50.0
0.09041867, -48.0, 1.0, 30.0
0.4875336, -47.0, 1.0, 30.0
0.5987923, -51.0, 0.0, 31.0
0.4241864, -43.0, 2.0, 30.0
0.06495845, -49.0, 1.0, 30.0
0.65279824, -46.0, 1.0, 30.0
0.7712313, -32.0, 0.0, 50.0
0.18812546, -50.0, 1.0, 30.0
0.4252829, -45.0, 1.0, 30.0
0.30460986, -42.0, 2.0, 30.0
0.7416852, -51.0, 1.0, 30.0
0.8986847, -44.0, 1.0, 30.0
0.025342606, -31.0, 1.0, 50.0
0.23316027, -35.0, 0.0, 36.0
0.089581065, -43.0, 1.0, 30.0
0.38459253, -48.0, 0.0, 30.0
0.21809734, -47.0, 0.0, 30.0
0.9221843, -49.0, 0.0, 30.0
0.25500685, -46.0, 0.0, 30.0
0.8132638, -41.0, 2.0, 30.0
0.11777323, -50.0, 0.0, 30.0
0.65170836, -45.0, 0.0, 30.0
0.051396023, -42.0, 1.0, 30.0
0.18342987, -30.0, 2.0, 50.0
0.1470406, -51.0, 0.0, 30.0
0.914445, -44.0, 0.0, 30.0
0.043104578, -31.0, 0.0, 50.0
0.75496495, -40.0, 2.0, 30.0
0.21093985, -43.0, 0.0, 30.0
0.11583273, -41.0, 1.0, 30.0
0.84113306, -30.0, 1.0, 50.0
0.3356158, -42.0, 0.0, 30.0
0.52004683, -39.0, 2.0, 30.0
0.49745166, -40.0, 1.0, 30.0
0.6915359, -41.0, 0.0, 30.0
0.5796961, -29.0, 2.0, 50.0
0.29728347, -30.0, 0.0, 50.0
0.97451687, -38.0, 2.0, 30.0
0.08359971, -39.0, 1.0, 30.0
0.9704053, -40.0, 0.0, 30.0
0.34594285, -29.0, 1.0, 50.0
0.11038177, -38.0, 1.0, 30.0
0.48866054, -37.0, 2.0, 30.0
0.95528585, -39.0, 0.0, 30.0
0.7309126, -28.0, 2.0, 50.0
0.76445854, -29.0, 0.0, 50.0
0.7554695, -37.0, 1.0, 30.0
0.7834335, -38.0, 0.0, 30.0
0.6307445, -36.0, 2.0, 30.0
0.044689607, -28.0, 1.0, 50.0
0.13430557, -37.0, 0.0, 30.0
0.9534257, -36.0, 1.0, 30.0
0.75513124, -35.0, 2.0, 30.0
0.07168094, -27.0, 2.0, 50.0
0.3795729, -28.0, 0.0, 50.0
0.8225369, -36.0, 0.0, 30.0
0.59051764, -35.0, 1.0, 30.0
0.7188341, -34.0, 2.0, 30.0
0.8894091, -27.0, 1.0, 50.0
0.85065883, -35.0, 0.0, 30.0
0.13598445, -34.0, 1.0, 30.0
0.9312911, -27.0, 0.0, 50.0
0.38087064, -26.0, 2.0, 50.0
0.15644766, -33.0, 2.0, 30.0
0.7222103, -34.0, 0.0, 30.0
0.4462318, -26.0, 1.0, 50.0
0.1705495, -33.0, 1.0, 30.0
0.54856944, -32.0, 2.0, 30.0
0.9682287, -26.0, 0.0, 50.0
0.73804146, -25.0, 2.0, 50.0
0.73301536, -33.0, 0.0, 30.0
0.96151805, -32.0, 1.0, 30.0
0.9238626, -25.0, 1.0, 50.0
0.794091, -31.0, 2.0, 30.0
0.843266, -32.0, 0.0, 30.0
0.27333096, -25.0, 0.0, 50.0
0.97013265, -31.0, 1.0, 30.0
0.89035076, -24.0, 2.0, 50.0
0.27440783, -30.0, 2.0, 30.0
0.8116305, -31.0, 0.0, 30.0
0.10559976, -24.0, 1.0, 50.0
0.8807836, -30.0, 1.0, 30.0
0.7180773, -23.0, 2.0, 46.0
0.46476763, -23.0, 2.0, 47.0
0.8335148, -23.0, 2.0, 45.0
0.64044106, -23.0, 2.0, 48.0
0.3226541, -24.0, 0.0, 50.0
0.20645045, -23.0, 2.0, 44.0
0.9828159, -23.0, 2.0, 49.0
0.20941122, -29.0, 2.0, 30.0
0.0031037605, -23.0, 2.0, 43.0
0.015087079, -23.0, 2.0, 50.0
0.44542387, -30.0, 0.0, 30.0
0.8732462, -23.0, 1.0, 46.0
0.4663297, -23.0, 1.0, 47.0
0.6231775, -23.0, 2.0, 42.0
0.99295324, -23.0, 1.0, 45.0
0.8852203, -23.0, 1.0, 48.0
0.7172001, -23.0, 1.0, 44.0
0.26743916, -23.0, 1.0, 49.0
0.047869038, -23.0, 2.0, 41.0
0.786749, -29.0, 1.0, 30.0
0.6629573, -23.0, 1.0, 43.0
0.6269513, -23.0, 1.0, 50.0
0.5272841, -23.0, 1.0, 42.0
0.31452486, -23.0, 0.0, 46.0
0.3175046, -23.0, 0.0, 47.0
0.43445802, -23.0, 2.0, 40.0
0.65200526, -23.0, 0.0, 45.0
0.69640243, -23.0, 0.0, 48.0
0.022104189, -23.0, 0.0, 44.0
0.8250681, -23.0, 0.0, 49.0
0.91910154, -23.0, 1.0, 41.0
0.73279107, -28.0, 2.0, 30.0
0.04531121, -29.0, 0.0, 30.0
0.34694296, -23.0, 0.0, 43.0
0.27318072, -23.0, 0.0, 50.0
0.43629193, -23.0, 2.0, 39.0
0.902505, -23.0, 0.0, 42.0
0.7001657, -23.0, 1.0, 40.0
0.87972516, -28.0, 1.0, 30.0
0.15954067, -23.0, 0.0, 41.0
0.7441701, -23.0, 2.0, 38.0
0.6928351, -23.0, 1.0, 39.0
0.8032523, -23.0, 0.0, 40.0
0.07969458, -23.0, 2.0, 37.0
0.20211731, -27.0, 2.0, 30.0
0.60753065, -28.0, 0.0, 30.0
0.32372764, -23.0, 1.0, 38.0
0.62772995, -23.0, 0.0, 39.0
0.15412427, -23.0, 1.0, 37.0
0.15664546, -27.0, 1.0, 30.0
0.586575, -23.0, 2.0, 36.0
0.9516912, -23.0, 0.0, 38.0
0.9700152, -23.0, 1.0, 36.0
0.47168624, -23.0, 0.0, 37.0
0.774789, -27.0, 0.0, 30.0
0.7852597, -23.0, 2.0, 35.0
0.9359868, -26.0, 2.0, 30.0
0.11949094, -23.0, 0.0, 36.0
0.016072646, -23.0, 1.0, 35.0
0.15648842, -26.0, 1.0, 30.0
0.7190276, -23.0, 2.0, 34.0
0.9674157, -23.0, 0.0, 35.0
0.7935846, -26.0, 0.0, 30.0
0.21627273, -23.0, 1.0, 34.0
0.92956674, -25.0, 2.0, 30.0
0.8298946, -23.0, 2.0, 33.0
0.71579474, -23.0, 0.0, 34.0
0.092106104, -25.0, 1.0, 30.0
0.06802729, -23.0, 1.0, 33.0
0.22037828, -23.0, 2.0, 32.0
0.11911296, -25.0, 0.0, 30.0
0.079895444, -23.0, 0.0, 33.0
0.3997481, -24.0, 2.0, 30.0
0.20550635, -23.0, 1.0, 32.0
0.12636665, -23.0, 2.0, 31.0
0.6750868, -24.0, 1.0, 30.0
0.5927773, -23.0, 0.0, 32.0
0.31247383, -23.0, 1.0, 31.0
0.4648699, -24.0, 0.0, 30.0
0.91407955, -23.0, 2.0, 30.0
0.27432993, -23.0, 0.0, 31.0
0.6759, -23.0, 1.0, 30.0
0.5597391, -23.0, 0.0, 30.0
