56.0, -1.0, 1.0, 1.0
48.0, 3.0, 1.0, 1.0
47.0, 3.0, 1.0, -3.0
51.0, 2.0, 1.0, 5.0
41.0, 6.0, 1.0, 0.0
42.0, 6.0, 1.0, -2.0
81.0, 4.0, 1.0, -5.0
57.0, -1.0, 0.0, 1.0
58.0, -1.0, 1.0, 7.0
83.0, 0.0, 0.0, -3.0
82.0, 1.0, 0.0, -3.0
49.0, 3.0, 0.0, 1.0
44.0, 3.0, 0.0, -3.0
78.0, 6.0, 1.0, -6.0
76.0, 8.0, 1.0, -3.0
50.0, 2.0, 0.0, 5.0
54.0, 4.0, 1.0, 8.0
18.0, 9.0, 1.0, -1.0
40.0, 6.0, 0.0, 0.0
43.0, 6.0, 0.0, -2.0
80.0, 4.0, 0.0, -5.0
59.0, -1.0, 0.0, 7.0
16.0, 10.0, 1.0, 2.0
75.0, 9.0, 1.0, -5.0
61.0, 1.0, 0.0, 8.0
79.0, 6.0, 0.0, -6.0
77.0, 8.0, 0.0, -3.0
55.0, 4.0, 0.0, 8.0
60.0, 1.0, 0.0, 9.0
19.0, 9.0, 0.0, -1.0
53.0, 7.0, 1.0, 9.0
17.0, 10.0, 0.0, 2.0
63.0, 3.0, 1.0, 12.0
74.0, 9.0, 0.0, -5.0
52.0, 7.0, 0.0, 9.0
8.0, 13.0, 1.0, 3.0
11.0, 13.0, 1.0, -3.0
15.0, 10.0, 0.0, 6.0
12.0, 13.0, 1.0, 5.0
14.0, 10.0, 0.0, 7.0
62.0, 3.0, 0.0, 12.0
10.0, 13.0, 0.0, -3.0
9.0, 13.0, 0.0, 3.0
20.0, 9.0, 0.0, 10.0
13.0, 13.0, 0.0, 5.0
21.0, 10.0, 0.0, 10.0
6.0, 13.0, 1.0, 9.0
64.0, 7.0, 0.0, 13.0
65.0, 8.0, 0.0, 13.0
2.0, 15.0, 0.0, 4.0
0.0, 17.0, 1.0, 0.0
66.0, 10.0, 1.0, 14.0
7.0, 13.0, 0.0, 9.0
4.0, 16.0, 1.0, 7.0
3.0, 16.0, 0.0, 4.0
1.0, 17.0, 0.0, 0.0
68.0, 13.0, 1.0, 13.0
67.0, 10.0, 0.0, 14.0
5.0, 16.0, 0.0, 7.0
69.0, 13.0, 0.0, 13.0
70.0, 18.0, 1.0, 11.0
73.0, 19.0, 0.0, 8.0
71.0, 18.0, 0.0, 11.0
72.0, 20.0, 0.0, 8.0
