117.0, 9.0, 0.0, 1.0
118.0, 9.0, 0.0, 2.0
3.0, 10.0, 0.0, 0.0
5.0, 10.0, 0.0, 3.0
6.0, 11.0, 0.0, 0.0
112.0, 10.0, 0.0, 5.0
7.0, 11.0, 0.0, 3.0
113.0, 9.0, 0.0, 7.0
114.0, 9.0, 0.0, 8.0
111.0, 11.0, 0.0, 5.0
8.0, 11.0, 0.0, 7.0
9.0, 13.0, 0.0, 2.0
116.0, 9.0, 0.0, 10.0
10.0, 12.0, 0.0, 7.0
11.0, 13.0, 0.0, 5.0
12.0, 14.0, 0.0, 0.0
13.0, 14.0, 0.0, 2.0
14.0, 11.0, 0.0, 9.0
115.0, 9.0, 0.0, 11.0
15.0, 14.0, 0.0, 5.0
16.0, 11.0, 0.0, 10.0
17.0, 15.0, 0.0, 0.0
110.0, 14.0, 0.0, 7.0
18.0, 16.0, 0.0, 4.0
109.0, 15.0, 0.0, 7.0
20.0, 17.0, 0.0, 1.0
108.0, 13.0, 0.0, 11.0
21.0, 17.0, 0.0, 2.0
22.0, 17.0, 0.0, 4.0
23.0, 15.0, 0.0, 9.0
107.0, 14.0, 0.0, 11.0
25.0, 16.0, 0.0, 9.0
26.0, 17.0, 0.0, 7.0
27.0, 18.0, 0.0, 7.0
106.0, 16.0, 0.0, 11.0
105.0, 17.0, 0.0, 11.0
