117.0, 7.0, 0.0, -2.0
118.0, 8.0, 0.0, 0.0
3.0, 8.0, 0.0, -1.0
5.0, 8.0, 0.0, 1.0
6.0, 8.0, 0.0, -2.0
112.0, 8.0, 0.0, 2.0
7.0, 8.0, 0.0, 3.0
113.0, 7.0, 0.0, 5.0
114.0, 8.0, 0.0, 4.0
111.0, 9.0, 0.0, -2.0
8.0, 7.0, 0.0, 6.0
9.0, 8.0, 0.0, 5.0
116.0, 8.0, 0.0, 6.0
10.0, 10.0, 0.0, -2.0
11.0, 8.0, 0.0, 7.0
12.0, 11.0, 0.0, -2.0
13.0, 8.0, 0.0, 8.0
14.0, 8.0, 0.0, 9.0
115.0, 12.0, 0.0, -2.0
15.0, 7.0, 0.0, 10.0
16.0, 8.0, 0.0, 10.0
17.0, 13.0, 0.0, -2.0
110.0, 8.0, 0.0, 11.0
18.0, 14.0, 0.0, -2.0
109.0, 8.0, 0.0, 12.0
20.0, 15.0, 0.0, -2.0
108.0, 8.0, 0.0, 13.0
21.0, 9.0, 0.0, 13.0
22.0, 16.0, 0.0, -2.0
23.0, 10.0, 0.0, 13.0
107.0, 11.0, 0.0, 13.0
25.0, 17.0, 0.0, -2.0
26.0, 12.0, 0.0, 13.0
27.0, 18.0, 0.0, -2.0
106.0, 13.0, 0.0, 13.0
105.0, 18.0, 0.0, 4.0
105.0, 19.0, 1.0, 5.0
105.0, 19.0, 0.0, 0.0
105.0, 19.0, 0.0, -1.0
105.0, 19.0, 0.0, 1.0
105.0, 19.0, 0.0, -2.0
105.0, 19.0, 0.0, 2.0
105.0, 14.0, 0.0, 13.0
105.0, 13.0, 0.0, 14.0
105.0, 19.0, 0.0, 3.0
105.0, 19.0, 0.0, 4.0
105.0, 19.0, 0.0, 5.0
105.0, 15.0, 0.0, 13.0
105.0, 19.0, 0.0, 6.0
105.0, 20.0, 0.0, 2.0
105.0, 18.0, 0.0, 9.0
105.0, 20.0, 0.0, 3.0
105.0, 20.0, 0.0, 5.0
105.0, 19.0, 0.0, 8.0
105.0, 16.0, 0.0, 13.0
105.0, 20.0, 0.0, 6.0
105.0, 19.0, 0.0, 9.0
105.0, 20.0, 0.0, 7.0
105.0, 17.0, 0.0, 13.0
105.0, 19.0, 0.0, 10.0
105.0, 19.0, 0.0, 11.0
105.0, 18.0, 0.0, 13.0
105.0, 19.0, 0.0, 12.0
105.0, 20.0, 0.0, 11.0
105.0, 19.0, 0.0, 13.0
105.0, 20.0, 0.0, 12.0
