0.9634567, -21.0, 2.0, 18.0
0.46448198, -21.0, 2.0, 19.0
0.9720985, -20.0, 2.0, 18.0
0.72287554, -20.0, 2.0, 19.0
0.3693941, -22.0, 2.0, 18.0
0.92140144, -21.0, 2.0, 17.0
0.33767065, -22.0, 2.0, 19.0
0.09689435, -20.0, 2.0, 17.0
0.008734874, -21.0, 2.0, 20.0
0.6340542, -22.0, 2.0, 17.0
0.21189447, -19.0, 2.0, 18.0
0.28793156, -20.0, 2.0, 20.0
0.6144517, -19.0, 2.0, 19.0
0.36300072, -22.0, 2.0, 20.0
0.13646604, -23.0, 2.0, 18.0
0.5380253, -19.0, 2.0, 17.0
0.8727069, -23.0, 2.0, 19.0
0.5708762, -21.0, 2.0, 16.0
0.054876283, -20.0, 2.0, 16.0
0.04240547, -19.0, 2.0, 20.0
0.5678229, -23.0, 2.0, 17.0
0.7051779, -22.0, 2.0, 16.0
0.3791593, -21.0, 2.0, 21.0
0.7711901, -23.0, 2.0, 20.0
0.84013367, -20.0, 2.0, 21.0
0.3106785, -18.0, 2.0, 18.0
0.007611168, -18.0, 2.0, 19.0
0.627863, -22.0, 2.0, 21.0
0.96653885, -19.0, 2.0, 16.0
0.14324701, -18.0, 2.0, 17.0
0.09636666, -23.0, 2.0, 16.0
0.638289, -24.0, 2.0, 18.0
0.5237758, -24.0, 2.0, 19.0
0.22737025, -19.0, 2.0, 21.0
0.79104066, -21.0, 2.0, 15.0
0.7126558, -18.0, 2.0, 20.0
0.4008709, -20.0, 2.0, 15.0
0.9764231, -24.0, 2.0, 17.0
0.18421203, -23.0, 2.0, 21.0
0.2776141, -22.0, 2.0, 15.0
0.88992655, -24.0, 2.0, 20.0
0.077744216, -18.0, 2.0, 16.0
0.48034784, -21.0, 2.0, 22.0
0.73702043, -19.0, 2.0, 15.0
0.003345985, -20.0, 2.0, 22.0
0.8338328, -17.0, 2.0, 18.0
0.7218364, -22.0, 2.0, 22.0
0.28707018, -24.0, 2.0, 16.0
0.24079247, -17.0, 2.0, 19.0
0.04648773, -18.0, 2.0, 21.0
0.4581172, -23.0, 2.0, 15.0
0.08524078, -17.0, 2.0, 17.0
0.26062584, -19.0, 2.0, 22.0
0.3324705, -24.0, 2.0, 21.0
0.4244668, -25.0, 2.0, 18.0
0.15234843, -17.0, 2.0, 20.0
0.29825374, -25.0, 2.0, 19.0
0.9672795, -23.0, 2.0, 22.0
0.63781995, -21.0, 2.0, 14.0
0.67315376, -25.0, 2.0, 17.0
0.717781, -18.0, 2.0, 15.0
0.96788144, -20.0, 2.0, 14.0
0.3140752, -22.0, 2.0, 14.0
0.55333525, -17.0, 2.0, 16.0
0.7835351, -25.0, 2.0, 20.0
0.14575438, -24.0, 2.0, 15.0
0.66465485, -18.0, 2.0, 22.0
0.18928157, -19.0, 2.0, 14.0
0.5944916, -17.0, 2.0, 21.0
0.28835312, -21.0, 2.0, 23.0
0.93965924, -25.0, 2.0, 16.0
0.4120375, -20.0, 2.0, 23.0
0.13731869, -23.0, 2.0, 14.0
0.46011686, -22.0, 2.0, 23.0
0.050776284, -16.0, 2.0, 18.0
0.47787002, -24.0, 2.0, 22.0
0.5827049, -16.0, 2.0, 19.0
0.6533963, -25.0, 2.0, 21.0
0.72917575, -16.0, 2.0, 17.0
0.7953047, -19.0, 2.0, 23.0
0.2748298, -17.0, 2.0, 15.0
0.66518486, -16.0, 2.0, 20.0
0.45194107, -18.0, 2.0, 14.0
0.8021151, -26.0, 2.0, 18.0
0.34528235, -23.0, 2.0, 23.0
0.1272971, -26.0, 2.0, 19.0
0.30515823, -21.0, 2.0, 13.0
0.035630066, -25.0, 2.0, 15.0
0.52042747, -26.0, 2.0, 17.0
0.07564502, -24.0, 2.0, 14.0
0.5426047, -17.0, 2.0, 22.0
0.97585857, -16.0, 2.0, 16.0
0.4851662, -20.0, 2.0, 13.0
0.30852053, -22.0, 2.0, 13.0
0.84604967, -26.0, 2.0, 20.0
0.68331134, -18.0, 2.0, 23.0
0.116230294, -16.0, 2.0, 21.0
0.05430042, -25.0, 2.0, 22.0
0.19649836, -19.0, 2.0, 13.0
0.6020346, -26.0, 2.0, 16.0
0.0045976015, -24.0, 2.0, 23.0
0.14574789, -21.0, 2.0, 24.0
0.8252823, -23.0, 2.0, 13.0
0.15325259, -20.0, 2.0, 24.0
0.9493094, -17.0, 2.0, 14.0
0.9810925, -22.0, 2.0, 24.0
0.929719, -26.0, 2.0, 21.0
0.90614724, -15.0, 2.0, 18.0
0.5239171, -16.0, 2.0, 15.0
0.041328415, -15.0, 2.0, 19.0
0.7101345, -25.0, 2.0, 14.0
0.17968883, -15.0, 2.0, 17.0
0.39197943, -19.0, 2.0, 24.0
0.628678, -18.0, 2.0, 13.0
0.8133616, -17.0, 2.0, 23.0
0.9030617, -15.0, 2.0, 20.0
0.7794789, -23.0, 2.0, 24.0
0.79292685, -16.0, 2.0, 22.0
0.45239767, -26.0, 2.0, 15.0
0.4421136, -27.0, 2.0, 18.0
0.39971888, -24.0, 2.0, 13.0
0.120342396, -27.0, 2.0, 19.0
0.31272727, -25.0, 2.0, 23.0
0.8853894, -15.0, 2.0, 16.0
0.17021035, -27.0, 2.0, 17.0
0.17414801, -21.0, 2.0, 12.0
0.8528825, -26.0, 2.0, 22.0
0.9756921, -20.0, 2.0, 12.0
0.2612513, -18.0, 2.0, 24.0
0.8960308, -27.0, 2.0, 20.0
0.76013684, -22.0, 2.0, 12.0
0.47174883, -15.0, 2.0, 21.0
0.37234744, -16.0, 2.0, 14.0
0.20491958, -24.0, 2.0, 24.0
0.13179754, -17.0, 2.0, 13.0
0.22943974, -19.0, 2.0, 12.0
0.6453182, -27.0, 2.0, 16.0
0.3622781, -23.0, 2.0, 12.0
0.4183814, -21.0, 2.0, 25.0
0.7031828, -26.0, 2.0, 14.0
0.29187787, -15.0, 2.0, 15.0
0.4124147, -27.0, 2.0, 21.0
0.28703025, -25.0, 2.0, 13.0
0.8854487, -16.0, 2.0, 23.0
0.8386752, -20.0, 2.0, 25.0
0.15181929, -22.0, 2.0, 25.0
0.34184176, -14.0, 2.0, 18.0
0.92601395, -17.0, 2.0, 24.0
0.8742231, -14.0, 2.0, 19.0
0.63329506, -18.0, 2.0, 12.0
0.0723622, -15.0, 2.0, 22.0
0.80244255, -19.0, 2.0, 25.0
0.31984228, -14.0, 2.0, 17.0
0.16866072, -26.0, 2.0, 23.0
0.49230748, -27.0, 2.0, 15.0
0.44941935, -23.0, 2.0, 25.0
0.54069006, -24.0, 2.0, 12.0
0.15805633, -25.0, 2.0, 24.0
0.67764974, -14.0, 2.0, 20.0
0.6969413, -28.0, 2.0, 18.0
0.06314026, -27.0, 2.0, 22.0
0.8443947, -16.0, 2.0, 13.0
0.81652665, -28.0, 2.0, 19.0
0.21600571, -14.0, 2.0, 16.0
0.27122465, -15.0, 2.0, 14.0
0.26825657, -28.0, 2.0, 17.0
0.4430009, -18.0, 2.0, 25.0
0.42531696, -28.0, 2.0, 20.0
0.21754366, -14.0, 2.0, 21.0
0.2815374, -17.0, 2.0, 12.0
0.2425181, -26.0, 2.0, 13.0
0.97366625, -24.0, 2.0, 25.0
0.602997, -16.0, 2.0, 24.0
0.46740946, -15.0, 2.0, 23.0
0.18898065, -27.0, 2.0, 14.0
0.9800219, -28.0, 2.0, 16.0
0.05488192, -25.0, 2.0, 12.0
0.20967259, -14.0, 2.0, 15.0
0.8016771, -28.0, 2.0, 21.0
0.6870004, -26.0, 2.0, 24.0
0.064351365, -21.0, 2.0, 26.0
0.9563233, -17.0, 2.0, 25.0
0.9948747, -27.0, 2.0, 23.0
0.5632707, -20.0, 2.0, 26.0
0.3319199, -14.0, 2.0, 22.0
0.9301811, -22.0, 2.0, 26.0
0.33370543, -13.0, 2.0, 18.0
0.17657821, -28.0, 2.0, 15.0
0.8136503, -13.0, 2.0, 19.0
0.15366685, -25.0, 2.0, 25.0
0.5070439, -15.0, 2.0, 13.0
0.35145676, -19.0, 2.0, 26.0
0.4608492, -16.0, 2.0, 12.0
0.67533845, -13.0, 2.0, 17.0
0.48139787, -23.0, 2.0, 26.0
0.22432971, -13.0, 2.0, 20.0
0.5025456, -28.0, 2.0, 22.0
0.31254375, -14.0, 2.0, 14.0
0.10940048, -27.0, 2.0, 13.0
0.81358516, -26.0, 2.0, 12.0
0.13272119, -29.0, 2.0, 18.0
0.057561386, -15.0, 2.0, 24.0
0.9323156, -13.0, 2.0, 16.0
0.6333413, -29.0, 2.0, 19.0
0.63320655, -18.0, 2.0, 26.0
0.5338562, -29.0, 2.0, 17.0
0.5380364, -16.0, 2.0, 25.0
0.6970029, -13.0, 2.0, 21.0
0.28835332, -14.0, 2.0, 23.0
0.53458416, -24.0, 2.0, 26.0
0.114378035, -29.0, 2.0, 20.0
0.9803402, -28.0, 2.0, 14.0
0.9290369, -27.0, 2.0, 24.0
0.72723985, -26.0, 2.0, 25.0
0.77203655, -29.0, 2.0, 16.0
0.043707415, -13.0, 2.0, 15.0
0.5812398, -28.0, 2.0, 23.0
0.06634689, -29.0, 2.0, 21.0
0.8024046, -15.0, 2.0, 12.0
0.04914762, -17.0, 2.0, 26.0
0.48841202, -14.0, 2.0, 13.0
0.32035023, -13.0, 2.0, 22.0
0.2825069, -21.0, 2.0, 27.0
0.85051566, -20.0, 2.0, 27.0
0.7269979, -25.0, 2.0, 26.0
0.3893759, -22.0, 2.0, 27.0
0.3426372, -29.0, 2.0, 15.0
0.18338344, -27.0, 2.0, 12.0
0.7409672, -12.0, 2.0, 18.0
0.76728284, -12.0, 2.0, 19.0
0.97184926, -15.0, 2.0, 25.0
0.23637353, -19.0, 2.0, 27.0
0.38388088, -28.0, 2.0, 13.0
0.5844385, -14.0, 2.0, 24.0
0.4522751, -12.0, 2.0, 17.0
0.046701416, -13.0, 2.0, 14.0
0.47596848, -29.0, 2.0, 22.0
0.15690778, -23.0, 2.0, 27.0
0.38531372, -12.0, 2.0, 20.0
0.23008801, -27.0, 2.0, 25.0
0.45888975, -16.0, 2.0, 26.0
0.86325294, -12.0, 2.0, 16.0
0.8010531, -28.0, 2.0, 24.0
0.5288382, -13.0, 2.0, 23.0
0.46229735, -18.0, 2.0, 27.0
0.4719, -30.0, 2.0, 18.0
0.02686068, -30.0, 2.0, 19.0
0.54176307, -29.0, 2.0, 14.0
0.98401374, -30.0, 2.0, 17.0
0.7500343, -12.0, 2.0, 21.0
0.8318947, -24.0, 2.0, 27.0
0.7857564, -26.0, 2.0, 26.0
0.4295803, -14.0, 2.0, 12.0
0.29924658, -30.0, 2.0, 20.0
0.8613627, -29.0, 2.0, 23.0
0.9312201, -30.0, 2.0, 16.0
0.95713174, -12.0, 2.0, 15.0
0.08365842, -13.0, 2.0, 13.0
0.5276706, -17.0, 2.0, 27.0
0.652163, -28.0, 2.0, 12.0
0.42999485, -30.0, 2.0, 21.0
0.04301275, -14.0, 2.0, 25.0
0.33517808, -12.0, 2.0, 22.0
0.03668483, -25.0, 2.0, 27.0
0.79210544, -15.0, 2.0, 26.0
0.5162251, -13.0, 2.0, 24.0
0.08109537, -21.0, 2.0, 28.0
0.91468465, -29.0, 2.0, 13.0
0.85028285, -30.0, 2.0, 15.0
0.94014674, -20.0, 2.0, 28.0
0.49712744, -22.0, 2.0, 28.0
0.77702117, -28.0, 2.0, 25.0
0.27259606, -12.0, 2.0, 14.0
0.43380055, -11.0, 2.0, 18.0
0.6747915, -27.0, 2.0, 26.0
0.1839807, -30.0, 2.0, 22.0
0.59350276, -11.0, 2.0, 19.0
0.43010622, -19.0, 2.0, 28.0
0.051904127, -11.0, 2.0, 17.0
0.6907941, -23.0, 2.0, 28.0
0.15413478, -29.0, 2.0, 24.0
0.47512218, -16.0, 2.0, 27.0
0.8285542, -11.0, 2.0, 20.0
0.35407597, -12.0, 2.0, 23.0
0.20005196, -13.0, 2.0, 12.0
0.679086, -18.0, 2.0, 28.0
0.4279501, -26.0, 2.0, 27.0
0.825442, -30.0, 2.0, 14.0
0.80897945, -11.0, 2.0, 16.0
0.07404556, -31.0, 2.0, 18.0
0.020846242, -31.0, 2.0, 19.0
0.88719356, -24.0, 2.0, 28.0
0.9274901, -11.0, 2.0, 21.0
0.30962974, -31.0, 2.0, 17.0
0.1918285, -30.0, 2.0, 23.0
0.03984068, -31.0, 2.0, 20.0
0.5582879, -29.0, 2.0, 12.0
0.70151544, -14.0, 2.0, 26.0
0.54155546, -12.0, 2.0, 13.0
0.4123694, -13.0, 2.0, 25.0
0.058695134, -11.0, 2.0, 15.0
0.63640577, -31.0, 2.0, 16.0
0.39112374, -17.0, 2.0, 28.0
0.83353895, -15.0, 2.0, 27.0
0.5861393, -31.0, 2.0, 21.0
0.73284185, -28.0, 2.0, 26.0
0.78304607, -11.0, 2.0, 22.0
0.37613028, -12.0, 2.0, 24.0
0.95788324, -25.0, 2.0, 28.0
0.95892876, -29.0, 2.0, 25.0
0.657901, -30.0, 2.0, 13.0
0.06594863, -27.0, 2.0, 27.0
0.57993525, -31.0, 2.0, 15.0
0.116063, -21.0, 2.0, 29.0
0.4265336, -20.0, 2.0, 29.0
0.73351544, -11.0, 2.0, 14.0
0.64402336, -22.0, 2.0, 29.0
0.7120087, -30.0, 2.0, 24.0
0.15475582, -31.0, 2.0, 22.0
0.17876889, -16.0, 2.0, 28.0
0.49171102, -10.0, 2.0, 18.0
0.2671752, -19.0, 2.0, 29.0
0.23081717, -12.0, 2.0, 12.0
0.917724, -10.0, 2.0, 19.0
0.9011786, -11.0, 2.0, 23.0
0.5247079, -23.0, 2.0, 29.0
0.6954854, -10.0, 2.0, 17.0
0.7849269, -10.0, 2.0, 20.0
0.064889364, -26.0, 2.0, 28.0
0.86801237, -13.0, 2.0, 26.0
0.38039777, -31.0, 2.0, 14.0
0.5766695, -14.0, 2.0, 27.0
0.19530456, -18.0, 2.0, 29.0
0.48858768, -10.0, 2.0, 16.0
0.6224129, -12.0, 2.0, 25.0
0.7373159, -30.0, 2.0, 12.0
0.021006748, -24.0, 2.0, 29.0
0.49255535, -32.0, 2.0, 18.0
0.60001576, -32.0, 2.0, 19.0
0.81472147, -10.0, 2.0, 21.0
0.91703683, -11.0, 2.0, 13.0
0.18602563, -31.0, 2.0, 23.0
0.27239525, -29.0, 2.0, 26.0
0.04061155, -32.0, 2.0, 17.0
0.050944507, -28.0, 2.0, 27.0
0.23745258, -32.0, 2.0, 20.0
0.4926377, -15.0, 2.0, 28.0
0.92791706, -10.0, 2.0, 15.0
0.7199983, -30.0, 2.0, 25.0
0.27938548, -17.0, 2.0, 29.0
0.11354694, -11.0, 2.0, 24.0
0.21944872, -32.0, 2.0, 16.0
0.005195361, -31.0, 2.0, 13.0
0.7825338, -10.0, 2.0, 22.0
0.8079243, -32.0, 2.0, 21.0
0.87092316, -25.0, 2.0, 29.0
0.97415787, -27.0, 2.0, 28.0
0.71181947, -32.0, 2.0, 15.0
0.8847101, -31.0, 2.0, 24.0
0.0062388247, -10.0, 2.0, 14.0
0.92769694, -11.0, 2.0, 12.0
0.5570975, -21.0, 2.0, 30.0
0.59821045, -13.0, 2.0, 27.0
0.94402957, -12.0, 2.0, 26.0
0.6037715, -20.0, 2.0, 30.0
0.8204862, -16.0, 2.0, 29.0
0.31970218, -32.0, 2.0, 22.0
0.46190986, -22.0, 2.0, 30.0
0.8277635, -10.0, 2.0, 23.0
0.9377532, -19.0, 2.0, 30.0
0.469029, -9.0, 2.0, 18.0
0.43845576, -9.0, 2.0, 19.0
0.82943743, -14.0, 2.0, 28.0
0.9129632, -26.0, 2.0, 29.0
0.2883735, -23.0, 2.0, 30.0
0.8928499, -11.0, 2.0, 25.0
0.3346469, -9.0, 2.0, 17.0
0.65360075, -29.0, 2.0, 27.0
0.38120878, -31.0, 2.0, 12.0
0.22825173, -32.0, 2.0, 14.0
0.5837958, -30.0, 2.0, 26.0
0.1076378, -9.0, 2.0, 20.0
0.43650404, -18.0, 2.0, 30.0
0.17733562, -28.0, 2.0, 28.0
0.6292582, -9.0, 2.0, 16.0
0.82452697, -10.0, 2.0, 13.0
0.711579, -32.0, 2.0, 23.0
0.5470744, -24.0, 2.0, 30.0
0.620405, -9.0, 2.0, 21.0
0.48885494, -33.0, 2.0, 18.0
0.6565726, -31.0, 2.0, 25.0
0.3647266, -33.0, 2.0, 19.0
0.29758152, -15.0, 2.0, 29.0
0.3084014, -33.0, 2.0, 17.0
0.5293106, -10.0, 2.0, 24.0
0.4381203, -33.0, 2.0, 20.0
0.5853256, -9.0, 2.0, 15.0
0.8776058, -17.0, 2.0, 30.0
0.9714286, -27.0, 2.0, 29.0
0.6607075, -32.0, 2.0, 13.0
3.1043642E-4, -33.0, 2.0, 16.0
0.28295174, -12.0, 2.0, 27.0
0.29492608, -9.0, 2.0, 22.0
0.61549723, -25.0, 2.0, 30.0
0.5709425, -33.0, 2.0, 21.0
0.7685364, -13.0, 2.0, 28.0
0.6628978, -11.0, 2.0, 26.0
0.1618583, -32.0, 2.0, 24.0
0.10323932, -10.0, 2.0, 12.0
0.23810144, -33.0, 2.0, 15.0
0.4390094, -9.0, 2.0, 14.0
0.72531384, -30.0, 2.0, 27.0
0.9215579, -16.0, 2.0, 30.0
0.23405838, -29.0, 2.0, 28.0
0.72735375, -21.0, 2.0, 31.0
0.9528349, -33.0, 2.0, 22.0
0.66294, -14.0, 2.0, 29.0
0.80454946, -20.0, 2.0, 31.0
0.52764624, -31.0, 2.0, 26.0
0.24477103, -9.0, 2.0, 23.0
0.31028476, -10.0, 2.0, 25.0
0.8463436, -22.0, 2.0, 31.0
0.99028516, -26.0, 2.0, 30.0
0.42944047, -32.0, 2.0, 12.0
0.4122556, -19.0, 2.0, 31.0
0.09437402, -8.0, 2.0, 18.0
0.97162676, -8.0, 2.0, 19.0
0.5075339, -28.0, 2.0, 29.0
0.35677323, -23.0, 2.0, 31.0
0.91798246, -33.0, 2.0, 14.0
0.46189165, -8.0, 2.0, 17.0
0.9608692, -8.0, 2.0, 20.0
0.6401419, -9.0, 2.0, 13.0
0.47944182, -32.0, 2.0, 25.0
0.48644212, -18.0, 2.0, 31.0
0.5936676, -33.0, 2.0, 23.0
0.30530086, -8.0, 2.0, 16.0
0.6120888, -15.0, 2.0, 30.0
0.7657386, -24.0, 2.0, 31.0
0.25440398, -8.0, 2.0, 21.0
0.110389225, -12.0, 2.0, 28.0
0.98340327, -11.0, 2.0, 27.0
0.7601051, -9.0, 2.0, 24.0
0.07241709, -34.0, 2.0, 18.0
0.5327575, -34.0, 2.0, 19.0
0.72263134, -34.0, 2.0, 17.0
0.7225019, -27.0, 2.0, 30.0
0.03584861, -33.0, 2.0, 13.0
0.4137536, -34.0, 2.0, 20.0
0.7130556, -8.0, 2.0, 15.0
0.035827003, -13.0, 2.0, 29.0
0.8361121, -17.0, 2.0, 31.0
0.906057, -10.0, 2.0, 26.0
0.17577362, -30.0, 2.0, 28.0
0.42083457, -34.0, 2.0, 16.0
0.90897614, -25.0, 2.0, 31.0
0.3980309, -31.0, 2.0, 27.0
0.0048550596, -8.0, 2.0, 22.0
0.56658214, -9.0, 2.0, 12.0
0.5134792, -33.0, 2.0, 24.0
0.2585057, -34.0, 2.0, 21.0
0.5530035, -29.0, 2.0, 29.0
0.35738644, -8.0, 2.0, 14.0
0.5072748, -32.0, 2.0, 26.0
0.57060367, -14.0, 2.0, 30.0
0.21235898, -34.0, 2.0, 15.0
0.14858982, -16.0, 2.0, 31.0
0.20064177, -9.0, 2.0, 25.0
0.5046604, -34.0, 2.0, 22.0
0.18683338, -8.0, 2.0, 23.0
0.47800726, -33.0, 2.0, 12.0
0.30127242, -21.0, 2.0, 32.0
0.6179923, -26.0, 2.0, 31.0
0.3103795, -28.0, 2.0, 30.0
0.19074702, -20.0, 2.0, 32.0
0.49808937, -22.0, 2.0, 32.0
0.16320616, -11.0, 2.0, 28.0
0.62985253, -19.0, 2.0, 32.0
0.2021658, -34.0, 2.0, 14.0
0.6747206, -7.0, 2.0, 18.0
0.436942, -7.0, 2.0, 19.0
0.7416297, -23.0, 2.0, 32.0
0.027041428, -33.0, 2.0, 25.0
0.09189708, -12.0, 2.0, 29.0
0.30738476, -8.0, 2.0, 13.0
0.5479127, -10.0, 2.0, 27.0
0.7626152, -7.0, 2.0, 17.0
0.13292007, -7.0, 2.0, 20.0
0.32157663, -34.0, 2.0, 23.0
0.18164413, -15.0, 2.0, 31.0
0.42897692, -18.0, 2.0, 32.0
0.36747703, -7.0, 2.0, 16.0
0.21250674, -31.0, 2.0, 28.0
0.33822834, -8.0, 2.0, 24.0
0.4423361, -24.0, 2.0, 32.0
0.75646865, -30.0, 2.0, 29.0
0.20115064, -13.0, 2.0, 30.0
0.14775388, -7.0, 2.0, 21.0
0.52504236, -27.0, 2.0, 31.0
0.7941429, -9.0, 2.0, 26.0
0.22007632, -32.0, 2.0, 27.0
0.0231725, -35.0, 2.0, 18.0
0.5407892, -35.0, 2.0, 19.0
0.26371244, -34.0, 2.0, 13.0
0.07293045, -35.0, 2.0, 17.0
0.6278987, -17.0, 2.0, 32.0
0.5842553, -7.0, 2.0, 15.0
0.06876843, -35.0, 2.0, 20.0
0.5880618, -29.0, 2.0, 30.0
0.22054985, -8.0, 2.0, 12.0
0.15150766, -25.0, 2.0, 32.0
0.295182, -34.0, 2.0, 24.0
0.024736414, -7.0, 2.0, 22.0
0.15505636, -35.0, 2.0, 16.0
0.37081146, -33.0, 2.0, 26.0
0.25682166, -35.0, 2.0, 21.0
0.34684205, -14.0, 2.0, 31.0
0.24112806, -8.0, 2.0, 25.0
0.08306157, -7.0, 2.0, 14.0
0.78329486, -35.0, 2.0, 15.0
0.49167678, -16.0, 2.0, 32.0
0.0030711703, -11.0, 2.0, 29.0
0.026871469, -10.0, 2.0, 28.0
0.41905576, -28.0, 2.0, 31.0
0.4303606, -34.0, 2.0, 12.0
0.6142086, -7.0, 2.0, 23.0
0.50542486, -35.0, 2.0, 22.0
0.520605, -26.0, 2.0, 32.0
0.6416046, -12.0, 2.0, 30.0
0.42966247, -9.0, 2.0, 27.0
0.6905161, -21.0, 2.0, 33.0
0.4621378, -20.0, 2.0, 33.0
0.60201836, -22.0, 2.0, 33.0
0.59201837, -31.0, 2.0, 29.0
0.15377647, -34.0, 2.0, 25.0
0.2898816, -32.0, 2.0, 28.0
0.03382939, -35.0, 2.0, 14.0
0.14239483, -19.0, 2.0, 33.0
0.30590126, -7.0, 2.0, 13.0
0.20149687, -6.0, 2.0, 18.0
0.9448368, -30.0, 2.0, 30.0
0.43370363, -23.0, 2.0, 33.0
0.17176695, -6.0, 2.0, 19.0
0.1692965, -15.0, 2.0, 32.0
0.94561386, -6.0, 2.0, 17.0
0.4133906, -35.0, 2.0, 23.0
0.33264363, -13.0, 2.0, 31.0
0.87467283, -33.0, 2.0, 27.0
0.9354215, -6.0, 2.0, 20.0
0.51970685, -18.0, 2.0, 33.0
0.9262815, -7.0, 2.0, 24.0
0.8760043, -8.0, 2.0, 26.0
0.010988302, -27.0, 2.0, 32.0
0.5185668, -6.0, 2.0, 16.0
0.311469, -24.0, 2.0, 33.0
0.5934463, -29.0, 2.0, 31.0
0.37125954, -6.0, 2.0, 21.0
0.5973082, -35.0, 2.0, 13.0
0.3757307, -36.0, 2.0, 18.0
0.26139334, -36.0, 2.0, 19.0
0.06641234, -17.0, 2.0, 33.0
0.4271765, -36.0, 2.0, 17.0
0.4931536, -6.0, 2.0, 15.0
0.4730324, -7.0, 2.0, 12.0
0.67087907, -10.0, 2.0, 29.0
0.7081132, -34.0, 2.0, 26.0
0.8239007, -36.0, 2.0, 20.0
0.32129142, -35.0, 2.0, 24.0
0.34781668, -25.0, 2.0, 33.0
0.9174376, -11.0, 2.0, 30.0
0.9877906, -6.0, 2.0, 22.0
0.42661777, -9.0, 2.0, 28.0
0.31640542, -14.0, 2.0, 32.0
0.59826684, -36.0, 2.0, 16.0
0.14139347, -7.0, 2.0, 25.0
0.3344057, -36.0, 2.0, 21.0
0.43355513, -28.0, 2.0, 32.0
0.5440284, -32.0, 2.0, 29.0
0.14141202, -6.0, 2.0, 14.0
0.86352414, -12.0, 2.0, 31.0
0.45804247, -16.0, 2.0, 33.0
0.66217655, -35.0, 2.0, 12.0
0.7866886, -31.0, 2.0, 30.0
0.99227905, -36.0, 2.0, 15.0
0.5777988, -8.0, 2.0, 27.0
0.13323241, -33.0, 2.0, 28.0
0.0969983, -6.0, 2.0, 23.0
0.7792776, -26.0, 2.0, 33.0
0.95001197, -36.0, 2.0, 22.0
0.72052425, -30.0, 2.0, 31.0
0.20885833, -35.0, 2.0, 25.0
0.6340436, -21.0, 2.0, 34.0
0.32890302, -20.0, 2.0, 34.0
0.7315137, -22.0, 2.0, 34.0
0.7469061, -36.0, 2.0, 14.0
0.97586685, -6.0, 2.0, 13.0
0.33748135, -34.0, 2.0, 27.0
0.18334976, -13.0, 2.0, 32.0
0.46396586, -19.0, 2.0, 34.0
0.9492529, -15.0, 2.0, 33.0
0.5772793, -7.0, 2.0, 26.0
0.18330288, -23.0, 2.0, 34.0
0.53374606, -5.0, 2.0, 18.0
0.40046978, -36.0, 2.0, 23.0
0.56401205, -5.0, 2.0, 19.0
0.39898548, -5.0, 2.0, 17.0
0.12717995, -6.0, 2.0, 24.0
0.7620743, -27.0, 2.0, 33.0
0.4273024, -5.0, 2.0, 20.0
0.7637767, -29.0, 2.0, 32.0
0.80674094, -10.0, 2.0, 30.0
0.8409312, -18.0, 2.0, 34.0
0.41905847, -9.0, 2.0, 29.0
0.23962517, -24.0, 2.0, 34.0
0.83263546, -5.0, 2.0, 16.0
0.7601217, -36.0, 2.0, 13.0
0.53778416, -11.0, 2.0, 31.0
0.54241085, -5.0, 2.0, 21.0
0.6905967, -8.0, 2.0, 28.0
0.46627185, -35.0, 2.0, 26.0
0.99505, -6.0, 2.0, 12.0
0.22430685, -37.0, 2.0, 18.0
0.0230719, -32.0, 2.0, 30.0
0.28121153, -17.0, 2.0, 34.0
0.8255463, -37.0, 2.0, 19.0
0.403088, -36.0, 2.0, 24.0
0.6739167, -5.0, 2.0, 15.0
0.950511, -33.0, 2.0, 29.0
0.6735864, -37.0, 2.0, 17.0
0.73009145, -14.0, 2.0, 33.0
0.7412811, -25.0, 2.0, 34.0
0.52132165, -37.0, 2.0, 20.0
0.67662185, -31.0, 2.0, 31.0
0.89654285, -5.0, 2.0, 22.0
0.3741902, -6.0, 2.0, 25.0
0.16808243, -12.0, 2.0, 32.0
0.4102786, -37.0, 2.0, 16.0
0.092218794, -34.0, 2.0, 28.0
0.54539514, -28.0, 2.0, 33.0
0.7770355, -7.0, 2.0, 27.0
0.059617203, -37.0, 2.0, 21.0
0.35092422, -36.0, 2.0, 12.0
0.18638776, -5.0, 2.0, 14.0
0.6991268, -16.0, 2.0, 34.0
0.33776528, -30.0, 2.0, 32.0
0.6440217, -37.0, 2.0, 15.0
0.88004595, -26.0, 2.0, 34.0
0.5857522, -5.0, 2.0, 23.0
0.18576682, -36.0, 2.0, 25.0
0.9162563, -37.0, 2.0, 22.0
0.7721929, -35.0, 2.0, 27.0
0.6329398, -9.0, 2.0, 30.0
0.95643747, -13.0, 2.0, 33.0
0.9973795, -21.0, 2.0, 35.0
0.48542777, -10.0, 2.0, 31.0
0.8769442, -5.0, 2.0, 13.0
0.6102102, -37.0, 2.0, 14.0
0.46858016, -8.0, 2.0, 29.0
0.5969028, -20.0, 2.0, 35.0
0.4078595, -6.0, 2.0, 26.0
0.43240157, -22.0, 2.0, 35.0
0.114492774, -15.0, 2.0, 34.0
0.67629343, -19.0, 2.0, 35.0
0.49774316, -29.0, 2.0, 33.0
0.91902375, -37.0, 2.0, 23.0
0.5495565, -23.0, 2.0, 35.0
0.9710284, -5.0, 2.0, 24.0
0.6758717, -4.0, 2.0, 18.0
0.7722126, -27.0, 2.0, 34.0
0.97175974, -4.0, 2.0, 19.0
0.57291627, -33.0, 2.0, 30.0
0.72613627, -11.0, 2.0, 32.0
0.39653826, -4.0, 2.0, 17.0
0.7673112, -32.0, 2.0, 31.0
0.30362582, -7.0, 2.0, 28.0
0.43021637, -4.0, 2.0, 20.0
0.8939086, -18.0, 2.0, 35.0
0.86653614, -34.0, 2.0, 29.0
0.6160485, -24.0, 2.0, 35.0
0.635053, -36.0, 2.0, 26.0
0.31747305, -37.0, 2.0, 13.0
0.33430502, -4.0, 2.0, 16.0
0.5243895, -31.0, 2.0, 32.0
0.8842763, -5.0, 2.0, 12.0
0.86387753, -4.0, 2.0, 21.0
0.6675595, -37.0, 2.0, 24.0
0.94790745, -14.0, 2.0, 34.0
0.42062488, -17.0, 2.0, 35.0
0.7584185, -38.0, 2.0, 18.0
0.66800773, -35.0, 2.0, 28.0
0.8815392, -12.0, 2.0, 33.0
0.8400274, -38.0, 2.0, 19.0
0.819088, -4.0, 2.0, 15.0
0.5598195, -38.0, 2.0, 17.0
0.49122077, -5.0, 2.0, 25.0
0.057898313, -25.0, 2.0, 35.0
0.073197685, -6.0, 2.0, 27.0
0.23015969, -38.0, 2.0, 20.0
0.57253146, -4.0, 2.0, 22.0
0.53433484, -28.0, 2.0, 34.0
0.344215, -38.0, 2.0, 16.0
0.08465517, -30.0, 2.0, 33.0
0.8083622, -37.0, 2.0, 12.0
0.8972828, -38.0, 2.0, 21.0
0.4266392, -9.0, 2.0, 31.0
0.030400163, -8.0, 2.0, 30.0
0.91462713, -4.0, 2.0, 14.0
0.20137335, -16.0, 2.0, 35.0
0.3231921, -38.0, 2.0, 15.0
0.52586025, -36.0, 2.0, 27.0
0.072608665, -10.0, 2.0, 32.0
0.06501467, -26.0, 2.0, 35.0
0.031291194, -37.0, 2.0, 25.0
0.47004527, -4.0, 2.0, 23.0
0.012346244, -7.0, 2.0, 29.0
0.8394551, -38.0, 2.0, 22.0
0.53472066, -13.0, 2.0, 34.0
0.94257843, -33.0, 2.0, 31.0
0.73355025, -34.0, 2.0, 30.0
0.78091884, -5.0, 2.0, 26.0
0.981609, -4.0, 2.0, 13.0
0.45179564, -32.0, 2.0, 32.0
0.12884095, -38.0, 2.0, 14.0
0.92054516, -29.0, 2.0, 34.0
0.5112685, -11.0, 2.0, 33.0
0.3997693, -15.0, 2.0, 35.0
0.7086846, -21.0, 2.0, 36.0
0.9567486, -20.0, 2.0, 36.0
0.830147, -6.0, 2.0, 28.0
0.9311558, -22.0, 2.0, 36.0
0.21821852, -35.0, 2.0, 29.0
0.030746296, -38.0, 2.0, 23.0
0.4310877, -4.0, 2.0, 24.0
0.1970262, -19.0, 2.0, 36.0
0.18322611, -27.0, 2.0, 35.0
0.6883856, -23.0, 2.0, 36.0
0.3002864, -3.0, 2.0, 18.0
0.33534592, -3.0, 2.0, 19.0
0.32584527, -31.0, 2.0, 33.0
0.6800343, -37.0, 2.0, 26.0
0.06278479, -3.0, 2.0, 17.0
0.14652741, -18.0, 2.0, 36.0
0.350162, -3.0, 2.0, 20.0
0.5051809, -38.0, 2.0, 13.0
0.7800292, -24.0, 2.0, 36.0
0.5254879, -4.0, 2.0, 12.0
0.8136624, -36.0, 2.0, 28.0
0.76952493, -3.0, 2.0, 16.0
0.031972446, -12.0, 2.0, 34.0
0.20090201, -14.0, 2.0, 35.0
0.6725863, -3.0, 2.0, 21.0
0.48971832, -8.0, 2.0, 31.0
0.49139118, -38.0, 2.0, 24.0
0.22784628, -5.0, 2.0, 27.0
0.6175458, -9.0, 2.0, 32.0
0.4545543, -17.0, 2.0, 36.0
0.92953545, -7.0, 2.0, 30.0
0.98179156, -4.0, 2.0, 25.0
0.5003428, -3.0, 2.0, 15.0
0.6312813, -39.0, 2.0, 18.0
0.47992384, -39.0, 2.0, 19.0
0.10990572, -28.0, 2.0, 35.0
0.99373984, -30.0, 2.0, 34.0
0.39185256, -25.0, 2.0, 36.0
0.031041743, -39.0, 2.0, 17.0
0.009888468, -3.0, 2.0, 22.0
0.12300816, -39.0, 2.0, 20.0
0.026304998, -10.0, 2.0, 33.0
0.81889683, -38.0, 2.0, 12.0
0.927066, -34.0, 2.0, 31.0
0.46139804, -39.0, 2.0, 16.0
0.60909414, -6.0, 2.0, 29.0
0.64682937, -33.0, 2.0, 32.0
0.68723327, -37.0, 2.0, 27.0
0.5912469, -39.0, 2.0, 21.0
0.78909403, -16.0, 2.0, 36.0
0.67267257, -3.0, 2.0, 14.0
0.41573656, -35.0, 2.0, 30.0
0.89825994, -38.0, 2.0, 25.0
0.48510405, -26.0, 2.0, 36.0
0.37230122, -39.0, 2.0, 15.0
0.33255088, -32.0, 2.0, 33.0
0.88856924, -13.0, 2.0, 35.0
0.78608793, -3.0, 2.0, 23.0
0.113803975, -39.0, 2.0, 22.0
0.85861, -4.0, 2.0, 26.0
0.9964974, -11.0, 2.0, 34.0
0.57900226, -36.0, 2.0, 29.0
0.7579587, -5.0, 2.0, 28.0
0.82040805, -29.0, 2.0, 35.0
0.28552246, -3.0, 2.0, 13.0
0.55695504, -15.0, 2.0, 36.0
0.8383865, -39.0, 2.0, 14.0
0.49789834, -31.0, 2.0, 34.0
0.53575975, -21.0, 2.0, 37.0
0.29656765, -20.0, 2.0, 37.0
0.16870488, -22.0, 2.0, 37.0
0.6249725, -3.0, 2.0, 24.0
0.9583485, -27.0, 2.0, 36.0
0.035796326, -39.0, 2.0, 23.0
0.17419574, -8.0, 2.0, 32.0
0.22231121, -7.0, 2.0, 31.0
0.1804505, -19.0, 2.0, 37.0
0.63210195, -38.0, 2.0, 26.0
0.8519495, -23.0, 2.0, 37.0
0.31915587, -37.0, 2.0, 28.0
0.20413743, -2.0, 2.0, 18.0
0.93574023, -2.0, 2.0, 19.0
0.02614209, -9.0, 2.0, 33.0
0.20355795, -2.0, 2.0, 17.0
0.7582661, -12.0, 2.0, 35.0
0.47407597, -6.0, 2.0, 30.0
0.48404607, -39.0, 2.0, 13.0
0.8299206, -18.0, 2.0, 37.0
0.83450884, -2.0, 2.0, 20.0
0.9102101, -3.0, 2.0, 12.0
0.6535735, -4.0, 2.0, 27.0
0.40815526, -24.0, 2.0, 37.0
0.22702788, -14.0, 2.0, 36.0
0.21283825, -2.0, 2.0, 16.0
0.71459293, -34.0, 2.0, 32.0
5.331961E-4, -35.0, 2.0, 31.0
0.5798527, -39.0, 2.0, 24.0
0.85414493, -2.0, 2.0, 21.0
0.4239577, -30.0, 2.0, 35.0
0.16032088, -3.0, 2.0, 25.0
0.78683907, -33.0, 2.0, 33.0
0.6386684, -10.0, 2.0, 34.0
0.47812948, -28.0, 2.0, 36.0
0.2605441, -17.0, 2.0, 37.0
0.58616006, -5.0, 2.0, 29.0
0.95845526, -2.0, 2.0, 15.0
0.9374747, -36.0, 2.0, 30.0
0.18173537, -40.0, 2.0, 18.0
0.84459764, -25.0, 2.0, 37.0
0.36845577, -40.0, 2.0, 19.0
0.09275813, -40.0, 2.0, 17.0
0.45427606, -2.0, 2.0, 22.0
0.33647597, -39.0, 2.0, 12.0
0.38099486, -40.0, 2.0, 20.0
0.1670518, -38.0, 2.0, 27.0
0.7839523, -32.0, 2.0, 34.0
0.7878963, -40.0, 2.0, 16.0
0.2892847, -16.0, 2.0, 37.0
0.41522455, -2.0, 2.0, 14.0
0.12860215, -40.0, 2.0, 21.0
0.5790042, -39.0, 2.0, 25.0
0.6473301, -13.0, 2.0, 36.0
0.5083712, -37.0, 2.0, 29.0
0.13923909, -11.0, 2.0, 35.0
0.7753408, -26.0, 2.0, 37.0
0.7572081, -2.0, 2.0, 23.0
0.5719861, -40.0, 2.0, 15.0
0.8307944, -3.0, 2.0, 26.0
0.09389743, -4.0, 2.0, 28.0
0.14458793, -7.0, 2.0, 32.0
0.8843822, -29.0, 2.0, 36.0
0.8056291, -40.0, 2.0, 22.0
3.1850697E-4, -8.0, 2.0, 33.0
0.53948987, -6.0, 2.0, 31.0
0.035800245, -31.0, 2.0, 35.0
0.2172244, -2.0, 2.0, 13.0
0.3807613, -15.0, 2.0, 37.0
0.32166317, -40.0, 2.0, 14.0
0.29884928, -9.0, 2.0, 34.0
0.9319661, -27.0, 2.0, 37.0
0.13524728, -2.0, 2.0, 24.0
0.7385981, -35.0, 2.0, 32.0
0.06736493, -5.0, 2.0, 30.0
0.023697695, -21.0, 2.0, 38.0
0.5989062, -38.0, 2.0, 28.0
0.45906776, -39.0, 2.0, 26.0
0.48346663, -20.0, 2.0, 38.0
0.81872344, -40.0, 2.0, 23.0
0.9133369, -34.0, 2.0, 33.0
0.18623006, -22.0, 2.0, 38.0
0.7915406, -36.0, 2.0, 31.0
0.19820206, -19.0, 2.0, 38.0
0.3423765, -12.0, 2.0, 36.0
0.121701755, -23.0, 2.0, 38.0
0.5330711, -1.0, 2.0, 18.0
0.76037735, -33.0, 2.0, 34.0
0.054893814, -3.0, 2.0, 27.0
0.0456498, -1.0, 2.0, 19.0
0.42768657, -40.0, 2.0, 13.0
0.7468521, -2.0, 2.0, 12.0
0.08178838, -1.0, 2.0, 17.0
0.6578281, -18.0, 2.0, 38.0
0.67348456, -10.0, 2.0, 35.0
0.34511757, -14.0, 2.0, 37.0
0.99520093, -1.0, 2.0, 20.0
0.6106204, -30.0, 2.0, 36.0
0.44364217, -37.0, 2.0, 30.0
0.093810506, -24.0, 2.0, 38.0
0.35500893, -4.0, 2.0, 29.0
0.35753244, -40.0, 2.0, 24.0
0.55651677, -1.0, 2.0, 16.0
0.63767517, -2.0, 2.0, 25.0
0.12100267, -28.0, 2.0, 37.0
0.5392113, -1.0, 2.0, 21.0
0.65288424, -17.0, 2.0, 38.0
0.0059681227, -32.0, 2.0, 35.0
0.038706, -1.0, 2.0, 15.0
0.13394868, -39.0, 2.0, 27.0
0.72666025, -25.0, 2.0, 38.0
0.9210495, -41.0, 2.0, 18.0
0.4726281, -40.0, 2.0, 12.0
0.010762934, -41.0, 2.0, 19.0
0.5243922, -1.0, 2.0, 22.0
0.38316295, -41.0, 2.0, 17.0
0.28280133, -7.0, 2.0, 33.0
0.8405323, -6.0, 2.0, 32.0
0.15400821, -38.0, 2.0, 29.0
0.92291504, -41.0, 2.0, 20.0
0.11878167, -11.0, 2.0, 36.0
0.5442889, -13.0, 2.0, 37.0
0.22475164, -41.0, 2.0, 16.0
0.46472043, -8.0, 2.0, 34.0
0.9398576, -16.0, 2.0, 38.0
0.5876621, -40.0, 2.0, 25.0
0.977927, -1.0, 2.0, 14.0
0.7024902, -5.0, 2.0, 31.0
0.66103446, -3.0, 2.0, 28.0
0.46659717, -41.0, 2.0, 21.0
0.1620283, -2.0, 2.0, 26.0
0.25309554, -26.0, 2.0, 38.0
0.571431, -1.0, 2.0, 23.0
0.67185175, -29.0, 2.0, 37.0
0.85601413, -31.0, 2.0, 36.0
0.62364835, -35.0, 2.0, 33.0
0.57504565, -41.0, 2.0, 15.0
0.26841268, -36.0, 2.0, 32.0
0.050942995, -9.0, 2.0, 35.0
0.20539826, -34.0, 2.0, 34.0
0.3634199, -41.0, 2.0, 22.0
0.9808524, -4.0, 2.0, 30.0
0.56287295, -1.0, 2.0, 13.0
0.09005258, -37.0, 2.0, 31.0
0.3455467, -15.0, 2.0, 38.0
0.33678064, -39.0, 2.0, 28.0
0.7688793, -41.0, 2.0, 14.0
0.49358362, -27.0, 2.0, 38.0
0.5324421, -40.0, 2.0, 26.0
0.98792815, -1.0, 2.0, 24.0
0.7332361, -33.0, 2.0, 35.0
0.9680965, -12.0, 2.0, 37.0
0.60211885, -41.0, 2.0, 23.0
0.80203336, -21.0, 2.0, 39.0
0.52225477, -20.0, 2.0, 39.0
0.38408738, -22.0, 2.0, 39.0
0.0552705, -2.0, 2.0, 27.0
0.6985843, -10.0, 2.0, 36.0
0.89396745, -38.0, 2.0, 30.0
0.87343043, -19.0, 2.0, 39.0
0.71279526, -3.0, 2.0, 29.0
0.48760152, -23.0, 2.0, 39.0
0.09278739, -30.0, 2.0, 37.0
0.53768915, -1.0, 2.0, 12.0
0.8033594, -41.0, 2.0, 13.0
0.16303131, 0.0, 2.0, 18.0
0.17947583, -14.0, 2.0, 38.0
0.74685615, 0.0, 2.0, 19.0
0.5425191, 0.0, 2.0, 17.0
0.20095012, -6.0, 2.0, 33.0
0.18318824, -18.0, 2.0, 39.0
0.2803832, 0.0, 2.0, 20.0
0.41449225, -32.0, 2.0, 36.0
0.4176642, -7.0, 2.0, 34.0
0.37506947, -24.0, 2.0, 39.0
0.3953699, -41.0, 2.0, 24.0
0.3334889, -1.0, 2.0, 25.0
0.8539222, -5.0, 2.0, 32.0
0.13181156, -28.0, 2.0, 38.0
0.14603952, 0.0, 2.0, 16.0
0.48358262, 0.0, 2.0, 21.0
0.96883976, -40.0, 2.0, 27.0
0.18278436, -17.0, 2.0, 39.0
0.9241359, -39.0, 2.0, 29.0
0.9144225, -8.0, 2.0, 35.0
0.15076971, -4.0, 2.0, 31.0
0.5157937, 0.0, 2.0, 15.0
0.24163508, -36.0, 2.0, 33.0
0.90465856, -25.0, 2.0, 39.0
0.18223216, -41.0, 2.0, 12.0
0.8542168, -11.0, 2.0, 37.0
0.23517142, -35.0, 2.0, 34.0
0.6957703, -42.0, 2.0, 18.0
0.8321541, -42.0, 2.0, 19.0
0.412212, 0.0, 2.0, 22.0
0.23583762, -37.0, 2.0, 32.0
0.4460629, -42.0, 2.0, 17.0
0.1910484, -2.0, 2.0, 28.0
0.5848915, -13.0, 2.0, 38.0
0.018524066, -42.0, 2.0, 20.0
0.1579101, -41.0, 2.0, 25.0
0.71339715, -34.0, 2.0, 35.0
0.3367953, -16.0, 2.0, 39.0
0.021722205, -42.0, 2.0, 16.0
0.8908999, -31.0, 2.0, 37.0
0.18638511, 0.0, 2.0, 14.0
0.31469667, -1.0, 2.0, 26.0
0.9117234, -9.0, 2.0, 36.0
0.7893532, -29.0, 2.0, 38.0
0.0052637267, -42.0, 2.0, 21.0
0.12971625, -26.0, 2.0, 39.0
0.354403, -38.0, 2.0, 31.0
0.32475975, -3.0, 2.0, 30.0
0.2030074, 0.0, 2.0, 23.0
0.8289172, -42.0, 2.0, 15.0
0.7532876, -40.0, 2.0, 28.0
0.68199515, -33.0, 2.0, 36.0
0.6555574, -42.0, 2.0, 22.0
0.3079981, -15.0, 2.0, 39.0
0.014360164, 0.0, 2.0, 13.0
0.40275207, -41.0, 2.0, 26.0
0.7638315, -42.0, 2.0, 14.0
0.30439734, -27.0, 2.0, 39.0
0.10606657, -39.0, 2.0, 30.0
0.24044028, -12.0, 2.0, 38.0
0.6998102, -6.0, 2.0, 34.0
0.6540661, 0.0, 2.0, 24.0
0.2972444, -5.0, 2.0, 33.0
0.67787987, -10.0, 2.0, 37.0
0.9963924, -42.0, 2.0, 23.0
0.69536394, -1.0, 2.0, 27.0
0.47620267, -2.0, 2.0, 29.0
0.7124324, -7.0, 2.0, 35.0
0.85934824, -21.0, 2.0, 40.0
0.05997532, -4.0, 2.0, 32.0
0.8809393, -20.0, 2.0, 40.0
0.322785, -30.0, 2.0, 38.0
0.08457715, -22.0, 2.0, 40.0
0.6034414, -32.0, 2.0, 37.0
0.90349036, -19.0, 2.0, 40.0
0.497423, 0.0, 2.0, 12.0
0.87501365, -14.0, 2.0, 39.0
0.896846, -42.0, 2.0, 13.0
0.37066358, -23.0, 2.0, 40.0
0.82689655, -36.0, 2.0, 34.0
0.16890603, -37.0, 2.0, 33.0
0.52639043, 1.0, 2.0, 18.0
0.8489161, 1.0, 2.0, 19.0
0.44030765, -8.0, 2.0, 36.0
0.31482473, -18.0, 2.0, 40.0
0.42903763, 1.0, 2.0, 17.0
0.07289399, -35.0, 2.0, 35.0
0.5010133, 0.0, 2.0, 25.0
0.058642026, -28.0, 2.0, 39.0
0.63010013, -42.0, 2.0, 24.0
0.5551597, -3.0, 2.0, 31.0
0.5673621, 1.0, 2.0, 20.0
0.84385526, -24.0, 2.0, 40.0
0.042592853, -40.0, 2.0, 29.0
0.79889023, -41.0, 2.0, 27.0
0.8713511, -38.0, 2.0, 32.0
0.36901033, 1.0, 2.0, 16.0
0.43836665, 1.0, 2.0, 21.0
0.30583817, -11.0, 2.0, 38.0
0.9714095, -17.0, 2.0, 40.0
0.19461438, -34.0, 2.0, 36.0
0.3074832, -42.0, 2.0, 12.0
0.74860334, -1.0, 2.0, 28.0
0.29508778, -25.0, 2.0, 40.0
0.9468088, 1.0, 2.0, 15.0
0.084988564, -9.0, 2.0, 37.0
0.2592737, -13.0, 2.0, 39.0
0.80324966, -39.0, 2.0, 31.0
0.32620814, -43.0, 2.0, 18.0
0.14318666, 1.0, 2.0, 22.0
0.7757484, -31.0, 2.0, 38.0
0.37943482, -43.0, 2.0, 19.0
0.69769096, -2.0, 2.0, 30.0
0.022709861, -42.0, 2.0, 25.0
0.7825667, -43.0, 2.0, 17.0
0.5763818, -43.0, 2.0, 20.0
0.510564, 0.0, 2.0, 26.0
0.6071294, -16.0, 2.0, 40.0
0.58482313, -29.0, 2.0, 39.0
0.0362687, 1.0, 2.0, 14.0
0.17840232, -43.0, 2.0, 16.0
0.33354297, -33.0, 2.0, 37.0
0.4617554, -26.0, 2.0, 40.0
0.24205212, -5.0, 2.0, 34.0
0.3339999, -43.0, 2.0, 21.0
0.07552266, -6.0, 2.0, 35.0
0.6608537, 1.0, 2.0, 23.0
0.25435263, -4.0, 2.0, 33.0
0.56725204, -41.0, 2.0, 28.0
0.035002068, -43.0, 2.0, 15.0
0.2138426, -40.0, 2.0, 30.0
0.7416574, -43.0, 2.0, 22.0
0.852418, -7.0, 2.0, 36.0
0.83612543, -15.0, 2.0, 40.0
0.9826486, 1.0, 2.0, 13.0
0.9211795, -10.0, 2.0, 38.0
0.87610024, -3.0, 2.0, 32.0
0.026778426, -42.0, 2.0, 26.0
0.17647237, -12.0, 2.0, 39.0
0.9935351, -37.0, 2.0, 34.0
0.38840622, -36.0, 2.0, 35.0
0.36246493, -1.0, 2.0, 29.0
0.82034236, -27.0, 2.0, 40.0
0.27646795, -43.0, 2.0, 14.0
0.5171429, 1.0, 2.0, 24.0
0.5723888, -38.0, 2.0, 33.0
0.3010359, 0.0, 2.0, 27.0
0.5211733, -30.0, 2.0, 39.0
0.70852697, -32.0, 2.0, 38.0
0.78904617, -43.0, 2.0, 23.0
0.16800947, -35.0, 2.0, 36.0
0.8293424, -8.0, 2.0, 37.0
0.58777535, -21.0, 2.0, 41.0
0.4603283, -20.0, 2.0, 41.0
0.8249893, -2.0, 2.0, 31.0
0.17986876, -22.0, 2.0, 41.0
0.5690755, 1.0, 2.0, 12.0
0.35708073, -39.0, 2.0, 32.0
0.6121311, -14.0, 2.0, 40.0
0.8212285, -19.0, 2.0, 41.0
0.48681554, -43.0, 2.0, 13.0
0.23925894, -23.0, 2.0, 41.0
0.04916416, -41.0, 2.0, 29.0
0.68886715, -28.0, 2.0, 40.0
0.8685887, 2.0, 2.0, 18.0
0.8502677, 1.0, 2.0, 25.0
0.68669486, 2.0, 2.0, 19.0
0.56649506, -34.0, 2.0, 37.0
0.72536856, -42.0, 2.0, 27.0
0.17176488, -43.0, 2.0, 24.0
0.09585138, -18.0, 2.0, 41.0
0.9260149, 2.0, 2.0, 17.0
0.89538527, 2.0, 2.0, 20.0
0.2901565, -24.0, 2.0, 41.0
0.015708558, -11.0, 2.0, 39.0
0.25287387, 2.0, 2.0, 16.0
0.04561353, -40.0, 2.0, 31.0
0.801206, -9.0, 2.0, 38.0
0.5734412, 0.0, 2.0, 28.0
0.1919546, 2.0, 2.0, 21.0
0.40841964, -5.0, 2.0, 35.0
0.41062373, -17.0, 2.0, 41.0
0.79391074, -43.0, 2.0, 12.0
0.03368849, -4.0, 2.0, 34.0
0.21079378, -1.0, 2.0, 30.0
0.27620092, -31.0, 2.0, 39.0
0.32339865, -13.0, 2.0, 40.0
0.90089524, -25.0, 2.0, 41.0
0.5397293, 2.0, 2.0, 15.0
0.680995, -6.0, 2.0, 36.0
0.40645742, -3.0, 2.0, 33.0
0.4939237, -43.0, 2.0, 25.0
0.07969234, -33.0, 2.0, 38.0
0.82727045, 2.0, 2.0, 22.0
0.6753575, -44.0, 2.0, 18.0
0.40498823, -44.0, 2.0, 19.0
0.75675815, 1.0, 2.0, 26.0
0.89734316, -29.0, 2.0, 40.0
0.23836769, -44.0, 2.0, 17.0
0.8221661, -16.0, 2.0, 41.0
0.82887334, -44.0, 2.0, 20.0
0.040173013, -37.0, 2.0, 35.0
0.8861124, 2.0, 2.0, 14.0
0.90934074, -38.0, 2.0, 34.0
0.37283632, -44.0, 2.0, 16.0
0.61149365, -42.0, 2.0, 28.0
0.9745085, -7.0, 2.0, 37.0
0.27044773, -26.0, 2.0, 41.0
0.43597057, -36.0, 2.0, 36.0
0.8204634, -41.0, 2.0, 30.0
0.68829185, -2.0, 2.0, 32.0
0.6846976, -44.0, 2.0, 21.0
0.3440983, 2.0, 2.0, 23.0
0.9172692, -39.0, 2.0, 33.0
0.9409006, -10.0, 2.0, 39.0
0.73402405, -44.0, 2.0, 15.0
0.78730524, 0.0, 2.0, 29.0
0.19380572, -12.0, 2.0, 40.0
0.12449213, -15.0, 2.0, 41.0
0.03482253, -44.0, 2.0, 22.0
0.34111983, -35.0, 2.0, 37.0
0.363504, -43.0, 2.0, 26.0
0.2881259, 2.0, 2.0, 13.0
0.53311676, -32.0, 2.0, 39.0
0.02311276, 1.0, 2.0, 27.0
0.3365718, -27.0, 2.0, 41.0
0.0926541, -8.0, 2.0, 38.0
0.72561073, -40.0, 2.0, 32.0
0.33355576, -44.0, 2.0, 14.0
0.0133596, 2.0, 2.0, 24.0
0.067619, -30.0, 2.0, 40.0
0.7286533, -1.0, 2.0, 31.0
0.98366153, -44.0, 2.0, 23.0
0.48125708, -34.0, 2.0, 38.0
0.278464, -21.0, 2.0, 42.0
0.8329635, 2.0, 2.0, 12.0
0.17605925, -42.0, 2.0, 29.0
0.91947293, -14.0, 2.0, 41.0
0.5016227, -20.0, 2.0, 42.0
0.55403477, -4.0, 2.0, 35.0
0.86954325, -22.0, 2.0, 42.0
0.5912441, -44.0, 2.0, 13.0
0.40055916, -5.0, 2.0, 36.0
0.2164565, -3.0, 2.0, 34.0
0.9337643, -19.0, 2.0, 42.0
0.5344683, -23.0, 2.0, 42.0
0.9975892, -43.0, 2.0, 27.0
0.79496205, -28.0, 2.0, 41.0
0.4794176, 2.0, 2.0, 25.0
0.9494456, -41.0, 2.0, 31.0
0.94432056, -11.0, 2.0, 40.0
0.0758321, -44.0, 2.0, 24.0
0.9356122, 3.0, 2.0, 18.0
0.82636446, -9.0, 2.0, 39.0
0.7078089, 3.0, 2.0, 19.0
0.19935277, -18.0, 2.0, 42.0
0.6384913, -6.0, 2.0, 37.0
0.055358235, 3.0, 2.0, 17.0
0.8100325, -2.0, 2.0, 33.0
0.29734862, 1.0, 2.0, 28.0
0.7938038, 0.0, 2.0, 30.0
0.11840785, -24.0, 2.0, 42.0
0.6850472, 3.0, 2.0, 20.0
0.24937999, -38.0, 2.0, 35.0
0.6810132, -31.0, 2.0, 40.0
0.47505817, 3.0, 2.0, 16.0
0.5511918, -37.0, 2.0, 36.0
0.547016, -44.0, 2.0, 12.0
0.8776582, -39.0, 2.0, 34.0
0.9228633, 3.0, 2.0, 21.0
0.9349703, -33.0, 2.0, 39.0
0.8776632, -17.0, 2.0, 42.0
0.100067474, -13.0, 2.0, 41.0
0.53866994, -25.0, 2.0, 42.0
0.12874657, -36.0, 2.0, 37.0
0.3177506, 3.0, 2.0, 15.0
0.9801596, -7.0, 2.0, 38.0
0.2882937, -44.0, 2.0, 25.0
0.91614324, 2.0, 2.0, 26.0
0.9596439, -1.0, 2.0, 32.0
0.7279444, -29.0, 2.0, 41.0
0.029839382, 3.0, 2.0, 22.0
0.3570471, -40.0, 2.0, 33.0
0.38747874, -45.0, 2.0, 18.0
0.16547342, -45.0, 2.0, 19.0
0.42985943, -42.0, 2.0, 30.0
0.28837815, -43.0, 2.0, 28.0
0.66417617, -45.0, 2.0, 17.0
0.060371626, -16.0, 2.0, 42.0
0.26174274, -45.0, 2.0, 20.0
0.4672887, 3.0, 2.0, 14.0
0.39522228, -26.0, 2.0, 42.0
0.03571279, -35.0, 2.0, 38.0
0.6621693, -45.0, 2.0, 16.0
0.9602174, -10.0, 2.0, 40.0
0.99436414, -45.0, 2.0, 21.0
0.5878867, 3.0, 2.0, 23.0
0.18416208, 1.0, 2.0, 29.0
0.464229, -8.0, 2.0, 39.0
0.49219579, -12.0, 2.0, 41.0
0.90523684, -41.0, 2.0, 32.0
0.9042138, -45.0, 2.0, 15.0
0.7363304, -32.0, 2.0, 40.0
0.100676775, -44.0, 2.0, 26.0
0.24763137, -15.0, 2.0, 42.0
0.41615933, 0.0, 2.0, 31.0
0.20196015, 3.0, 2.0, 13.0
0.27494717, -45.0, 2.0, 22.0
0.62076205, -4.0, 2.0, 36.0
0.2759125, -3.0, 2.0, 35.0
0.11560647, 2.0, 2.0, 27.0
0.19837251, -30.0, 2.0, 41.0
0.35884997, -27.0, 2.0, 42.0
0.3488793, -5.0, 2.0, 37.0
0.35451758, 3.0, 2.0, 24.0
0.45757335, -34.0, 2.0, 39.0
0.015567669, -45.0, 2.0, 14.0
0.5558058, -2.0, 2.0, 34.0
0.04072464, -43.0, 2.0, 29.0
0.17126346, -45.0, 2.0, 23.0
0.6553725, -38.0, 2.0, 36.0
0.71301377, -39.0, 2.0, 35.0
0.7071064, 3.0, 2.0, 12.0
0.9900415, -6.0, 2.0, 38.0
0.23607668, -14.0, 2.0, 42.0
0.5194236, -42.0, 2.0, 31.0
0.64998204, -1.0, 2.0, 33.0
0.19385163, -21.0, 2.0, 43.0
0.27836385, -37.0, 2.0, 37.0
0.25545716, -20.0, 2.0, 43.0
0.44372663, -9.0, 2.0, 40.0
0.5796477, -45.0, 2.0, 13.0
0.42909375, -22.0, 2.0, 43.0
0.42786124, -44.0, 2.0, 27.0
0.33216143, -11.0, 2.0, 41.0
0.9538679, -28.0, 2.0, 42.0
0.8426204, -40.0, 2.0, 34.0
0.41968536, -19.0, 2.0, 43.0
0.3569788, 3.0, 2.0, 25.0
0.82264423, 1.0, 2.0, 30.0
0.5279807, -23.0, 2.0, 43.0
0.18609409, -45.0, 2.0, 24.0
0.63521993, 2.0, 2.0, 28.0
0.30724505, 4.0, 2.0, 18.0
0.939695, -36.0, 2.0, 38.0
0.17438923, 4.0, 2.0, 19.0
0.15583076, -18.0, 2.0, 43.0
0.40306586, -31.0, 2.0, 41.0
0.12605162, -33.0, 2.0, 40.0
0.9405623, 4.0, 2.0, 17.0
0.8295795, -24.0, 2.0, 43.0
0.44755602, -7.0, 2.0, 39.0
0.6911325, 4.0, 2.0, 20.0
0.38489336, -41.0, 2.0, 33.0
0.2971273, 0.0, 2.0, 32.0
0.06578824, 4.0, 2.0, 16.0
0.6754683, -45.0, 2.0, 12.0
0.1355569, -13.0, 2.0, 42.0
0.17680085, 4.0, 2.0, 21.0
0.921949, -17.0, 2.0, 43.0
0.21509537, -25.0, 2.0, 43.0
0.37189206, -43.0, 2.0, 30.0
0.016623786, 3.0, 2.0, 26.0
0.3208474, -29.0, 2.0, 42.0
0.49991754, -45.0, 2.0, 25.0
0.29793817, 4.0, 2.0, 15.0
0.20442197, -35.0, 2.0, 39.0
0.07561025, -44.0, 2.0, 28.0
0.11966259, 4.0, 2.0, 22.0
0.5520333, -3.0, 2.0, 36.0
0.48532465, -46.0, 2.0, 18.0
0.08605326, -10.0, 2.0, 41.0
0.35935098, -46.0, 2.0, 19.0
0.069718026, -4.0, 2.0, 37.0
0.53774226, -16.0, 2.0, 43.0
0.7567856, -2.0, 2.0, 35.0
0.38608167, -46.0, 2.0, 17.0
0.30488208, -42.0, 2.0, 32.0
0.26690862, -46.0, 2.0, 20.0
0.7249279, 4.0, 2.0, 14.0
0.55506986, -8.0, 2.0, 40.0
0.25803727, 2.0, 2.0, 29.0
0.089333884, -26.0, 2.0, 43.0
0.36439303, -46.0, 2.0, 16.0
0.2552556, 1.0, 2.0, 31.0
0.46079448, -5.0, 2.0, 38.0
0.50202155, 4.0, 2.0, 23.0
0.18699935, -32.0, 2.0, 41.0
0.8134348, -46.0, 2.0, 21.0
0.9220692, -12.0, 2.0, 42.0
0.65706146, -1.0, 2.0, 34.0
0.57025635, -45.0, 2.0, 26.0
0.9807462, -39.0, 2.0, 36.0
0.05423357, -46.0, 2.0, 15.0
0.495218, -34.0, 2.0, 40.0
0.20748325, -38.0, 2.0, 37.0
0.43648246, -15.0, 2.0, 43.0
0.7663806, 3.0, 2.0, 27.0
0.23139095, -30.0, 2.0, 42.0
0.29799163, 4.0, 2.0, 13.0
0.5615742, -40.0, 2.0, 35.0
0.23705852, -46.0, 2.0, 22.0
0.63033336, -27.0, 2.0, 43.0
0.77338225, -37.0, 2.0, 38.0
0.45773023, -6.0, 2.0, 39.0
0.3602818, 4.0, 2.0, 24.0
0.56277, -44.0, 2.0, 29.0
0.7905781, 0.0, 2.0, 33.0
0.8180989, -46.0, 2.0, 14.0
0.49631798, -43.0, 2.0, 31.0
0.79006684, -41.0, 2.0, 34.0
0.31303558, -46.0, 2.0, 23.0
0.79144996, -9.0, 2.0, 41.0
0.9526964, -14.0, 2.0, 43.0
0.78985953, 4.0, 2.0, 12.0
0.8486442, -36.0, 2.0, 39.0
0.42425653, -11.0, 2.0, 42.0
0.5710793, -45.0, 2.0, 27.0
0.7055578, 2.0, 2.0, 30.0
0.3161495, -21.0, 2.0, 44.0
0.61369246, -46.0, 2.0, 13.0
0.9020823, -20.0, 2.0, 44.0
0.17939943, -28.0, 2.0, 43.0
0.5714997, -22.0, 2.0, 44.0
0.7594407, 4.0, 2.0, 25.0
0.7128245, -7.0, 2.0, 40.0
0.9117356, 3.0, 2.0, 28.0
0.3413399, -33.0, 2.0, 41.0
0.46334347, -42.0, 2.0, 33.0
0.99093586, -19.0, 2.0, 44.0
0.27848798, -31.0, 2.0, 42.0
0.18294686, -46.0, 2.0, 24.0
0.69330484, 1.0, 2.0, 32.0
0.1839443, -23.0, 2.0, 44.0
0.23422432, 5.0, 2.0, 18.0
0.61821824, -3.0, 2.0, 37.0
0.8014929, -2.0, 2.0, 36.0
0.1444087, -18.0, 2.0, 44.0
0.030057963, 5.0, 2.0, 19.0
0.7738994, 5.0, 2.0, 17.0
0.66676795, -24.0, 2.0, 44.0
0.13886184, 5.0, 2.0, 20.0
0.98358494, -35.0, 2.0, 40.0
0.70105255, -13.0, 2.0, 43.0
0.017398112, -4.0, 2.0, 38.0
0.32257056, -46.0, 2.0, 12.0
0.652329, -44.0, 2.0, 30.0
0.043842558, -1.0, 2.0, 35.0
0.68250597, 5.0, 2.0, 16.0
0.28231677, -17.0, 2.0, 44.0
0.28267393, 5.0, 2.0, 21.0
0.88103396, -29.0, 2.0, 43.0
0.11932257, 4.0, 2.0, 26.0
0.605848, -45.0, 2.0, 28.0
0.3330188, -46.0, 2.0, 25.0
0.37316447, -25.0, 2.0, 44.0
0.06820824, -43.0, 2.0, 32.0
0.94934136, 5.0, 2.0, 15.0
0.20290181, -39.0, 2.0, 37.0
0.31418064, -10.0, 2.0, 42.0
0.5985316, -5.0, 2.0, 39.0
0.7431705, -40.0, 2.0, 36.0
0.039093606, -8.0, 2.0, 41.0
0.8083905, 0.0, 2.0, 34.0
0.12588252, 5.0, 2.0, 22.0
0.50145966, -38.0, 2.0, 38.0
0.6351712, 3.0, 2.0, 29.0
0.0719104, 2.0, 2.0, 31.0
0.20472588, -47.0, 2.0, 18.0
0.6823556, -16.0, 2.0, 44.0
0.99283946, -47.0, 2.0, 19.0
0.7923514, -41.0, 2.0, 35.0
0.030487463, -47.0, 2.0, 17.0
0.18364127, -32.0, 2.0, 42.0
0.07127658, 5.0, 2.0, 14.0
0.5713126, -47.0, 2.0, 20.0
0.6211941, -26.0, 2.0, 44.0
0.8522638, -34.0, 2.0, 41.0
0.6150359, -12.0, 2.0, 43.0
0.7213174, -47.0, 2.0, 16.0
0.59117573, -37.0, 2.0, 39.0
0.8365404, 5.0, 2.0, 23.0
0.7215468, -47.0, 2.0, 21.0
0.09215129, -6.0, 2.0, 40.0
0.2779665, -46.0, 2.0, 26.0
0.21625519, 4.0, 2.0, 27.0
0.9860124, 1.0, 2.0, 33.0
0.66112775, -30.0, 2.0, 43.0
0.7384281, -42.0, 2.0, 34.0
0.10855227, -15.0, 2.0, 44.0
0.6445114, -47.0, 2.0, 15.0
0.3376304, 5.0, 2.0, 13.0
0.7912494, -44.0, 2.0, 31.0
0.36647782, -47.0, 2.0, 22.0
0.12536962, -45.0, 2.0, 29.0
0.80434966, -27.0, 2.0, 44.0
0.8503594, -36.0, 2.0, 40.0
0.062217183, 5.0, 2.0, 24.0
0.81437194, -9.0, 2.0, 42.0
0.24595258, -47.0, 2.0, 14.0
0.76742375, -2.0, 2.0, 37.0
0.17852059, 3.0, 2.0, 30.0
0.6411468, -47.0, 2.0, 23.0
0.5004947, -3.0, 2.0, 38.0
0.2814788, -43.0, 2.0, 33.0
0.31950435, -7.0, 2.0, 41.0
0.30206007, -11.0, 2.0, 43.0
0.5097025, -1.0, 2.0, 36.0
0.959887, -14.0, 2.0, 44.0
0.7959609, 5.0, 2.0, 12.0
0.5492154, -46.0, 2.0, 27.0
0.9413269, -33.0, 2.0, 42.0
0.7071846, 2.0, 2.0, 32.0
0.14050622, 4.0, 2.0, 28.0
0.99566317, -28.0, 2.0, 44.0
0.5100864, -47.0, 2.0, 13.0
0.017020926, -4.0, 2.0, 39.0
0.96433824, -21.0, 2.0, 45.0
0.31368184, 5.0, 2.0, 25.0
0.8332915, -31.0, 2.0, 43.0
0.14727508, 0.0, 2.0, 35.0
0.08007477, -20.0, 2.0, 45.0
0.53599876, -22.0, 2.0, 45.0
0.62305856, -35.0, 2.0, 41.0
0.30956608, -19.0, 2.0, 45.0
0.984086, -47.0, 2.0, 24.0
0.4090795, -40.0, 2.0, 37.0
0.6390968, -23.0, 2.0, 45.0
0.78175676, -39.0, 2.0, 38.0
0.116930716, -41.0, 2.0, 36.0
0.39311936, -45.0, 2.0, 30.0
0.104366295, 6.0, 2.0, 18.0
0.5756842, -18.0, 2.0, 45.0
0.8019513, 6.0, 2.0, 19.0
0.9551312, -5.0, 2.0, 40.0
0.22048064, -13.0, 2.0, 44.0
0.9222315, 6.0, 2.0, 17.0
0.39977747, -38.0, 2.0, 39.0
0.2595285, -24.0, 2.0, 45.0
0.010544897, -47.0, 2.0, 12.0
0.37199005, -44.0, 2.0, 32.0
0.01043524, 6.0, 2.0, 20.0
0.22486416, 1.0, 2.0, 34.0
0.9641911, 6.0, 2.0, 16.0
0.75214297, -42.0, 2.0, 35.0
0.0049504903, -46.0, 2.0, 28.0
0.18588945, -8.0, 2.0, 42.0
0.8628932, -29.0, 2.0, 44.0
0.56883335, 5.0, 2.0, 26.0
0.7747847, -17.0, 2.0, 45.0
0.076858275, -10.0, 2.0, 43.0
0.72321486, 6.0, 2.0, 21.0
0.6991648, -47.0, 2.0, 25.0
0.35013357, 3.0, 2.0, 31.0
0.13500826, -25.0, 2.0, 45.0
0.011461686, -37.0, 2.0, 40.0
0.37811288, 6.0, 2.0, 15.0
0.95706576, 4.0, 2.0, 29.0
0.6124085, -32.0, 2.0, 43.0
0.15528277, 6.0, 2.0, 22.0
0.5530107, -34.0, 2.0, 42.0
0.15867335, -6.0, 2.0, 41.0
0.87987137, -16.0, 2.0, 45.0
0.9060835, -43.0, 2.0, 34.0
0.6519033, -48.0, 2.0, 18.0
0.95685196, -48.0, 2.0, 19.0
0.60838354, 2.0, 2.0, 33.0
0.29068467, -12.0, 2.0, 44.0
0.69194853, -48.0, 2.0, 17.0
0.11902315, 6.0, 2.0, 14.0
0.42152005, -26.0, 2.0, 45.0
0.731481, -48.0, 2.0, 20.0
0.44017628, -48.0, 2.0, 16.0
0.038056813, 6.0, 2.0, 23.0
0.5265612, -47.0, 2.0, 26.0
0.41142464, -2.0, 2.0, 38.0
0.031298537, -1.0, 2.0, 37.0
0.6338475, 5.0, 2.0, 27.0
0.35254246, -30.0, 2.0, 44.0
0.113477446, -48.0, 2.0, 21.0
0.04589719, -45.0, 2.0, 31.0
0.16144283, -36.0, 2.0, 41.0
0.15022238, -46.0, 2.0, 29.0
0.5737477, -3.0, 2.0, 39.0
0.5571988, -15.0, 2.0, 45.0
0.3033184, 0.0, 2.0, 36.0
0.84196454, -48.0, 2.0, 15.0
0.8533464, 6.0, 2.0, 13.0
0.06577843, -9.0, 2.0, 43.0
0.5923382, -27.0, 2.0, 45.0
0.14878425, -48.0, 2.0, 22.0
0.3560692, -44.0, 2.0, 33.0
0.55891705, 6.0, 2.0, 24.0
0.037135113, -7.0, 2.0, 42.0
0.16732112, 4.0, 2.0, 30.0
0.89732945, -4.0, 2.0, 40.0
0.15497069, -40.0, 2.0, 38.0
0.803092, -48.0, 2.0, 14.0
0.12125456, -41.0, 2.0, 37.0
0.66433895, 1.0, 2.0, 35.0
0.92299145, 3.0, 2.0, 32.0
0.9397978, -11.0, 2.0, 44.0
0.9696885, -33.0, 2.0, 43.0
0.99835354, -39.0, 2.0, 39.0
0.5039737, -48.0, 2.0, 23.0
0.4397998, -47.0, 2.0, 27.0
0.91928786, -14.0, 2.0, 45.0
0.6768696, 6.0, 2.0, 12.0
0.10248168, -42.0, 2.0, 36.0
0.36366746, -35.0, 2.0, 42.0
0.6574595, 5.0, 2.0, 28.0
0.7769794, -31.0, 2.0, 44.0
0.2660473, -28.0, 2.0, 45.0
0.37282982, -38.0, 2.0, 40.0
0.30062485, -48.0, 2.0, 13.0
0.26066267, 6.0, 2.0, 25.0
0.6246102, -5.0, 2.0, 41.0
0.7743419, -21.0, 2.0, 46.0
0.6346429, -20.0, 2.0, 46.0
0.13861215, 2.0, 2.0, 34.0
0.423404, -22.0, 2.0, 46.0
0.10068254, -46.0, 2.0, 30.0
0.2136968, -43.0, 2.0, 35.0
0.44126177, -48.0, 2.0, 24.0
0.25007677, -19.0, 2.0, 46.0
0.32288083, -45.0, 2.0, 32.0
0.27946758, -23.0, 2.0, 46.0
0.25400528, -13.0, 2.0, 45.0
0.8304652, -8.0, 2.0, 43.0
0.026713323, -18.0, 2.0, 46.0
0.26417497, 7.0, 2.0, 18.0
0.75816506, 7.0, 2.0, 19.0
0.1473261, -37.0, 2.0, 41.0
0.2694097, -48.0, 2.0, 12.0
0.8490732, -24.0, 2.0, 46.0
0.5600894, 7.0, 2.0, 17.0
0.4224608, -47.0, 2.0, 28.0
0.37825045, -10.0, 2.0, 44.0
0.16424796, 7.0, 2.0, 20.0
0.5878282, 4.0, 2.0, 31.0
0.6950505, -29.0, 2.0, 45.0
0.65263426, 6.0, 2.0, 26.0
0.73606867, 7.0, 2.0, 16.0
0.48815694, -48.0, 2.0, 25.0
0.8276551, -1.0, 2.0, 38.0
0.7876393, -17.0, 2.0, 46.0
0.21540663, -6.0, 2.0, 42.0
0.7662886, -44.0, 2.0, 34.0
0.7762086, 5.0, 2.0, 29.0
0.8497972, 7.0, 2.0, 21.0
0.75273955, -34.0, 2.0, 43.0
0.8764341, -2.0, 2.0, 39.0
0.8714789, 0.0, 2.0, 37.0
0.80474406, -25.0, 2.0, 46.0
0.125519, -32.0, 2.0, 44.0
0.0934426, 3.0, 2.0, 33.0
0.6768415, 7.0, 2.0, 15.0
0.9216079, 7.0, 2.0, 22.0
0.3686857, -3.0, 2.0, 40.0
0.2740712, 1.0, 2.0, 36.0
0.71084976, -16.0, 2.0, 46.0
0.86043817, -12.0, 2.0, 45.0
0.71097594, -36.0, 2.0, 42.0
0.5510071, -49.0, 2.0, 18.0
0.9529674, -49.0, 2.0, 19.0
0.88667643, -26.0, 2.0, 46.0
0.07766974, -46.0, 2.0, 31.0
0.5935827, 7.0, 2.0, 14.0
0.58696145, -41.0, 2.0, 38.0
0.450615, -49.0, 2.0, 17.0
0.2846885, -40.0, 2.0, 39.0
0.31619585, -49.0, 2.0, 20.0
0.87883633, -48.0, 2.0, 26.0
0.3199833, 6.0, 2.0, 27.0
0.3194593, -30.0, 2.0, 45.0
0.8187682, -42.0, 2.0, 37.0
0.43482405, 7.0, 2.0, 23.0
0.56024927, -49.0, 2.0, 16.0
0.78071916, -47.0, 2.0, 29.0
0.90314287, -4.0, 2.0, 41.0
0.33982575, -45.0, 2.0, 33.0
0.9199161, -49.0, 2.0, 21.0
0.632442, -39.0, 2.0, 40.0
0.7251459, -9.0, 2.0, 44.0
0.83783567, 2.0, 2.0, 35.0
0.59704185, -15.0, 2.0, 46.0
0.91632706, -7.0, 2.0, 43.0
0.014103401, -49.0, 2.0, 15.0
0.28325862, 7.0, 2.0, 13.0
0.9384042, -43.0, 2.0, 36.0
0.9627967, 5.0, 2.0, 30.0
0.81992894, -27.0, 2.0, 46.0
0.065667056, 4.0, 2.0, 32.0
0.35417727, -49.0, 2.0, 22.0
0.9422094, 7.0, 2.0, 24.0
0.9324642, -33.0, 2.0, 44.0
0.09042508, -38.0, 2.0, 41.0
0.6186832, -11.0, 2.0, 45.0
0.30600014, -35.0, 2.0, 43.0
0.9585772, -49.0, 2.0, 14.0
0.18374062, -48.0, 2.0, 27.0
0.7717273, -5.0, 2.0, 42.0
0.7817198, -14.0, 2.0, 46.0
0.5395937, -49.0, 2.0, 23.0
0.483089, -44.0, 2.0, 35.0
0.035219323, 6.0, 2.0, 28.0
0.10645215, 7.0, 2.0, 12.0
0.3449543, 3.0, 2.0, 34.0
0.4725848, -31.0, 2.0, 45.0
0.51623, -28.0, 2.0, 46.0
0.60984486, -46.0, 2.0, 32.0
0.2875646, 7.0, 2.0, 25.0
0.8277607, -49.0, 2.0, 13.0
0.9803264, -47.0, 2.0, 30.0
0.09099924, -1.0, 2.0, 39.0
0.87212235, -37.0, 2.0, 42.0
0.64534545, 0.0, 2.0, 38.0
0.6479766, -21.0, 2.0, 47.0
0.17272039, -20.0, 2.0, 47.0
0.70977813, -49.0, 2.0, 24.0
0.9510167, -22.0, 2.0, 47.0
0.7920058, -8.0, 2.0, 44.0
0.4621385, -2.0, 2.0, 40.0
0.010804878, 1.0, 2.0, 37.0
0.6017347, -19.0, 2.0, 47.0
0.89553726, -23.0, 2.0, 47.0
0.3984683, -13.0, 2.0, 46.0
0.30152342, 5.0, 2.0, 31.0
0.8291488, -45.0, 2.0, 34.0
0.26754022, -6.0, 2.0, 43.0
0.626683, -10.0, 2.0, 45.0
0.7025497, -48.0, 2.0, 28.0
0.70669955, -18.0, 2.0, 47.0
0.30705684, -49.0, 2.0, 12.0
0.10013574, 8.0, 2.0, 18.0
0.8525017, 8.0, 2.0, 19.0
0.7654221, -34.0, 2.0, 44.0
0.057374164, 4.0, 2.0, 33.0
0.8856699, -24.0, 2.0, 47.0
0.96462244, -29.0, 2.0, 46.0
0.83209074, -3.0, 2.0, 41.0
0.29785147, 8.0, 2.0, 17.0
0.8215174, -41.0, 2.0, 39.0
0.56334716, 7.0, 2.0, 26.0
0.918225, 8.0, 2.0, 20.0
0.18381032, 6.0, 2.0, 29.0
0.7612921, 2.0, 2.0, 36.0
0.16366254, -42.0, 2.0, 38.0
0.6496134, -32.0, 2.0, 45.0
0.36383834, -49.0, 2.0, 25.0
0.12664239, 8.0, 2.0, 16.0
0.5281757, -40.0, 2.0, 40.0
0.29339075, -17.0, 2.0, 47.0
0.57905465, 8.0, 2.0, 21.0
0.8866359, -36.0, 2.0, 43.0
0.16513255, -43.0, 2.0, 37.0
0.9133405, -25.0, 2.0, 47.0
0.98032874, 8.0, 2.0, 15.0
0.8837069, -39.0, 2.0, 41.0
0.41519272, -47.0, 2.0, 31.0
0.56397355, -4.0, 2.0, 42.0
0.7871407, -12.0, 2.0, 46.0
0.634004, 8.0, 2.0, 22.0
0.81559217, -16.0, 2.0, 47.0
0.720071, 3.0, 2.0, 35.0
0.45571637, -46.0, 2.0, 33.0
0.3442341, -44.0, 2.0, 36.0
0.4273911, -50.0, 2.0, 18.0
0.33075842, -26.0, 2.0, 47.0
0.22426459, -50.0, 2.0, 19.0
0.9076071, 8.0, 2.0, 14.0
0.46482834, -30.0, 2.0, 46.0
0.98581296, 7.0, 2.0, 27.0
0.7595918, -50.0, 2.0, 17.0
0.06824181, -48.0, 2.0, 29.0
0.8753712, -49.0, 2.0, 26.0
0.68678826, -7.0, 2.0, 44.0
0.6420617, -50.0, 2.0, 20.0
0.7764037, -9.0, 2.0, 45.0
0.48487237, 8.0, 2.0, 23.0
0.6266737, -50.0, 2.0, 16.0
0.5948146, -38.0, 2.0, 42.0
0.9962005, 5.0, 2.0, 32.0
0.94431317, -50.0, 2.0, 21.0
0.19918755, 6.0, 2.0, 30.0
0.6883569, -15.0, 2.0, 47.0
0.87287104, 8.0, 2.0, 13.0
0.99293566, -33.0, 2.0, 45.0
0.18243782, -50.0, 2.0, 15.0
0.23307402, -35.0, 2.0, 44.0
0.21856135, -5.0, 2.0, 43.0
0.48713365, -27.0, 2.0, 47.0
0.67156476, -45.0, 2.0, 35.0
0.70991886, 0.0, 2.0, 39.0
0.73348624, -50.0, 2.0, 22.0
0.2352951, 4.0, 2.0, 34.0
0.8711147, -11.0, 2.0, 46.0
0.8834698, 8.0, 2.0, 24.0
0.24363701, -1.0, 2.0, 40.0
0.92585766, 1.0, 2.0, 38.0
0.30027503, -49.0, 2.0, 27.0
0.19175018, -50.0, 2.0, 14.0
0.5067009, 7.0, 2.0, 28.0
0.33915937, -31.0, 2.0, 46.0
0.31273592, -2.0, 2.0, 41.0
0.61364454, -14.0, 2.0, 47.0
0.8146151, -37.0, 2.0, 43.0
0.59323734, -47.0, 2.0, 32.0
0.0878234, 2.0, 2.0, 37.0
0.47744414, -50.0, 2.0, 23.0
0.70418966, 8.0, 2.0, 12.0
0.3895475, -48.0, 2.0, 30.0
0.41068527, -28.0, 2.0, 47.0
0.09299775, -42.0, 2.0, 39.0
0.57648647, -41.0, 2.0, 40.0
0.09664806, 8.0, 2.0, 25.0
0.6266909, -50.0, 2.0, 13.0
0.66514, -8.0, 2.0, 45.0
0.9211536, -43.0, 2.0, 38.0
0.03821089, -46.0, 2.0, 34.0
0.12884094, -3.0, 2.0, 42.0
0.67751485, -6.0, 2.0, 44.0
0.14366949, -40.0, 2.0, 41.0
0.53629404, 3.0, 2.0, 36.0
0.616864, -21.0, 2.0, 48.0
0.82360727, 6.0, 2.0, 31.0
0.70146024, -50.0, 2.0, 24.0
0.10163005, -20.0, 2.0, 48.0
0.15281238, -22.0, 2.0, 48.0
0.60574013, 5.0, 2.0, 33.0
0.36911112, -10.0, 2.0, 46.0
0.6597541, -13.0, 2.0, 47.0
0.7303488, -19.0, 2.0, 48.0
0.92299104, -44.0, 2.0, 37.0
0.973401, -34.0, 2.0, 45.0
0.85511714, -49.0, 2.0, 28.0
0.6735525, -23.0, 2.0, 48.0
0.32542658, -50.0, 2.0, 12.0
0.86564624, -36.0, 2.0, 44.0
0.28489897, 7.0, 2.0, 29.0
0.68595177, -29.0, 2.0, 47.0
0.12474888, -18.0, 2.0, 48.0
0.7318482, 9.0, 2.0, 18.0
0.9800561, -39.0, 2.0, 42.0
0.7816268, 9.0, 2.0, 19.0
0.2203931, 8.0, 2.0, 26.0
0.080396846, -32.0, 2.0, 46.0
0.5732115, -24.0, 2.0, 48.0
0.64760715, 9.0, 2.0, 17.0
0.32531103, 9.0, 2.0, 20.0
0.89259106, -4.0, 2.0, 43.0
0.37131062, -50.0, 2.0, 25.0
0.2104203, 9.0, 2.0, 16.0
0.25712037, 4.0, 2.0, 35.0
0.47299162, -45.0, 2.0, 36.0
0.9855411, -17.0, 2.0, 48.0
0.30953395, 9.0, 2.0, 21.0
0.09799498, -48.0, 2.0, 31.0
0.49463472, -25.0, 2.0, 48.0
0.26183254, -47.0, 2.0, 33.0
0.41656354, 9.0, 2.0, 15.0
0.3206169, -12.0, 2.0, 47.0
0.5983879, -38.0, 2.0, 43.0
0.0023230962, 9.0, 2.0, 22.0
0.28150183, -7.0, 2.0, 45.0
0.42770562, 0.0, 2.0, 40.0
0.67624044, -16.0, 2.0, 48.0
0.37150058, 1.0, 2.0, 39.0
0.23585957, -49.0, 2.0, 29.0
0.2590862, -30.0, 2.0, 47.0
0.1450769, -9.0, 2.0, 46.0
0.9402951, 8.0, 2.0, 27.0
0.6374886, 6.0, 2.0, 32.0
0.8829524, -26.0, 2.0, 48.0
0.10049078, -50.0, 2.0, 26.0
0.03722174, -1.0, 2.0, 41.0
0.6029923, 9.0, 2.0, 14.0
0.90692663, 2.0, 2.0, 38.0
0.22945327, -46.0, 2.0, 35.0
0.44774097, -5.0, 2.0, 44.0
0.7410102, 7.0, 2.0, 30.0
0.11971444, 9.0, 2.0, 23.0
0.7561591, -35.0, 2.0, 45.0
0.5313258, 5.0, 2.0, 34.0
0.07329784, -33.0, 2.0, 46.0
0.6055949, -15.0, 2.0, 48.0
0.4971306, -2.0, 2.0, 42.0
0.51029396, -42.0, 2.0, 40.0
0.7104038, 3.0, 2.0, 37.0
0.86168545, 9.0, 2.0, 13.0
0.30966654, -43.0, 2.0, 39.0
0.025284817, -27.0, 2.0, 48.0
0.13488033, -11.0, 2.0, 47.0
0.99186444, -37.0, 2.0, 44.0
0.8319841, -41.0, 2.0, 41.0
0.049330104, 9.0, 2.0, 24.0
0.13734625, -44.0, 2.0, 38.0
0.75142866, -48.0, 2.0, 32.0
0.43390533, -50.0, 2.0, 27.0
0.90578836, 8.0, 2.0, 28.0
0.54935294, -31.0, 2.0, 47.0
0.07301064, -40.0, 2.0, 42.0
0.7237013, -3.0, 2.0, 43.0
0.44498327, -14.0, 2.0, 48.0
0.9218885, -49.0, 2.0, 30.0
0.71697426, -47.0, 2.0, 34.0
0.7897124, 9.0, 2.0, 12.0
0.40020612, 4.0, 2.0, 36.0
0.20948592, -8.0, 2.0, 46.0
0.85845286, -45.0, 2.0, 37.0
0.5946226, -28.0, 2.0, 48.0
0.56581306, -6.0, 2.0, 45.0
0.33728698, 9.0, 2.0, 25.0
0.7483896, 7.0, 2.0, 31.0
0.58577216, 6.0, 2.0, 33.0
0.7184687, -39.0, 2.0, 43.0
0.25204226, -34.0, 2.0, 46.0
0.067385495, -10.0, 2.0, 47.0
0.63665223, -36.0, 2.0, 45.0
0.13715664, -21.0, 2.0, 49.0
0.68791455, -20.0, 2.0, 49.0
0.22885396, -13.0, 2.0, 48.0
0.8927312, -22.0, 2.0, 49.0
0.16839877, -50.0, 2.0, 28.0
0.4140831, -4.0, 2.0, 44.0
0.6819294, -46.0, 2.0, 36.0
0.95902187, -19.0, 2.0, 49.0
0.5301961, 8.0, 2.0, 29.0
0.1735301, 5.0, 2.0, 35.0
0.2147688, -23.0, 2.0, 49.0
0.13730554, -32.0, 2.0, 47.0
0.9515221, 1.0, 2.0, 40.0
0.8710231, -29.0, 2.0, 48.0
0.36533403, 0.0, 2.0, 41.0
0.09768685, 9.0, 2.0, 26.0
0.30377224, 2.0, 2.0, 39.0
0.8231903, -18.0, 2.0, 49.0
0.30943516, 10.0, 2.0, 18.0
0.4521617, 10.0, 2.0, 19.0
0.5963919, -24.0, 2.0, 49.0
0.044717904, -48.0, 2.0, 33.0
0.014762531, 10.0, 2.0, 17.0
0.18713741, -49.0, 2.0, 31.0
0.08097634, 10.0, 2.0, 20.0
0.6120829, -38.0, 2.0, 44.0
0.024828982, -1.0, 2.0, 42.0
0.80735314, 3.0, 2.0, 38.0
0.23645595, 10.0, 2.0, 16.0
0.11986447, -17.0, 2.0, 49.0
0.96819025, 10.0, 2.0, 21.0
0.3454056, -7.0, 2.0, 46.0
0.5925508, -25.0, 2.0, 49.0
0.124564484, -12.0, 2.0, 48.0
0.77600586, -43.0, 2.0, 40.0
0.09909312, 10.0, 2.0, 15.0
0.1894986, -42.0, 2.0, 41.0
0.25699565, -47.0, 2.0, 35.0
0.6349487, 7.0, 2.0, 32.0
0.07304931, -5.0, 2.0, 45.0
0.9691304, -9.0, 2.0, 47.0
0.37668234, -50.0, 2.0, 29.0
0.9026666, -44.0, 2.0, 39.0
0.6216449, 10.0, 2.0, 22.0
0.5456889, -2.0, 2.0, 43.0
0.7403501, -30.0, 2.0, 48.0
0.56944513, -16.0, 2.0, 49.0
0.71689427, 9.0, 2.0, 27.0
0.6143547, 4.0, 2.0, 37.0
0.6614628, 6.0, 2.0, 34.0
0.36241445, -35.0, 2.0, 46.0
0.59811133, -41.0, 2.0, 42.0
0.7212656, -26.0, 2.0, 49.0
0.54889953, 8.0, 2.0, 30.0
0.25759062, 10.0, 2.0, 14.0
0.29931626, -33.0, 2.0, 47.0
0.2408841, -45.0, 2.0, 38.0
0.5302468, 10.0, 2.0, 23.0
0.9902356, -37.0, 2.0, 45.0
0.6959043, -15.0, 2.0, 49.0
0.18489087, -40.0, 2.0, 43.0
0.08881275, -3.0, 2.0, 44.0
0.13546573, -11.0, 2.0, 48.0
0.26384324, 10.0, 2.0, 13.0
0.9013486, -49.0, 2.0, 32.0
0.2733543, -27.0, 2.0, 49.0
0.46873406, 5.0, 2.0, 36.0
0.7026758, -46.0, 2.0, 37.0
0.8137038, -48.0, 2.0, 34.0
0.07564048, 10.0, 2.0, 24.0
0.6097572, 9.0, 2.0, 28.0
0.9378605, -31.0, 2.0, 48.0
0.09626349, -50.0, 2.0, 30.0
0.5133583, -6.0, 2.0, 46.0
0.4036522, -8.0, 2.0, 47.0
0.78849155, -14.0, 2.0, 49.0
0.58610433, -39.0, 2.0, 44.0
0.8044993, 10.0, 2.0, 12.0
0.099495254, 7.0, 2.0, 33.0
0.7631981, 1.0, 2.0, 41.0
0.29094052, 2.0, 2.0, 40.0
0.77425003, 8.0, 2.0, 31.0
0.14920807, -28.0, 2.0, 49.0
0.030028343, 0.0, 2.0, 42.0
0.56830025, 10.0, 2.0, 25.0
0.29653838, -34.0, 2.0, 47.0
0.36862397, -4.0, 2.0, 45.0
0.59538394, -36.0, 2.0, 46.0
0.42342722, -47.0, 2.0, 36.0
0.13977665, 3.0, 2.0, 39.0
0.2777811, 6.0, 2.0, 35.0
0.12257725, -10.0, 2.0, 48.0
0.40164685, -1.0, 2.0, 43.0
0.059968133, -13.0, 2.0, 49.0
0.6689348, 9.0, 2.0, 29.0
0.6223416, 4.0, 2.0, 38.0
0.23550542, -43.0, 2.0, 41.0
0.36423242, -32.0, 2.0, 48.0
0.83847696, -44.0, 2.0, 40.0
0.45563245, -38.0, 2.0, 45.0
0.7478117, -49.0, 2.0, 33.0
0.45393425, -29.0, 2.0, 49.0
0.46289566, -42.0, 2.0, 42.0
0.703316, 10.0, 2.0, 26.0
0.50877994, -50.0, 2.0, 31.0
0.048984714, -45.0, 2.0, 39.0
0.7991031, -7.0, 2.0, 47.0
0.9778482, -2.0, 2.0, 44.0
0.3987951, -48.0, 2.0, 35.0
0.89351636, -41.0, 2.0, 43.0
0.74590594, 5.0, 2.0, 37.0
0.17880678, -5.0, 2.0, 46.0
0.5378889, 8.0, 2.0, 32.0
0.74801624, -46.0, 2.0, 38.0
0.31608635, -12.0, 2.0, 49.0
0.52714455, 7.0, 2.0, 34.0
0.008838394, -9.0, 2.0, 48.0
0.38413393, -35.0, 2.0, 47.0
0.23750919, -30.0, 2.0, 49.0
0.45229188, -40.0, 2.0, 44.0
0.42286706, 10.0, 2.0, 27.0
0.115764625, 9.0, 2.0, 30.0
0.7268635, -37.0, 2.0, 46.0
0.55174345, -33.0, 2.0, 48.0
0.6552498, -3.0, 2.0, 45.0
0.123639725, -47.0, 2.0, 37.0
0.9610947, 6.0, 2.0, 36.0
0.8945213, 2.0, 2.0, 41.0
0.012692811, -50.0, 2.0, 32.0
0.46054047, -49.0, 2.0, 34.0
0.4092763, 1.0, 2.0, 42.0
0.39791596, -11.0, 2.0, 49.0
0.68518054, 3.0, 2.0, 40.0
0.16038296, -39.0, 2.0, 45.0
0.9816185, -6.0, 2.0, 47.0
0.87116313, 0.0, 2.0, 43.0
0.582051, -31.0, 2.0, 49.0
0.3168055, 10.0, 2.0, 28.0
0.90250224, 4.0, 2.0, 39.0
0.5902225, -8.0, 2.0, 48.0
0.555382, 8.0, 2.0, 33.0
0.34552258, -48.0, 2.0, 36.0
0.3208768, -4.0, 2.0, 46.0
0.9445831, -44.0, 2.0, 41.0
0.5733418, 9.0, 2.0, 31.0
0.8995916, -43.0, 2.0, 42.0
0.9340519, -36.0, 2.0, 47.0
0.7800266, -45.0, 2.0, 40.0
0.62197477, 7.0, 2.0, 35.0
0.0678726, -1.0, 2.0, 44.0
0.31986043, -34.0, 2.0, 48.0
0.5505384, 5.0, 2.0, 38.0
0.98596805, -42.0, 2.0, 43.0
0.55434245, -10.0, 2.0, 49.0
0.24736491, -46.0, 2.0, 39.0
0.28806424, -38.0, 2.0, 46.0
0.08726101, -50.0, 2.0, 33.0
0.50956, 10.0, 2.0, 29.0
0.9677244, -41.0, 2.0, 44.0
0.70056736, -32.0, 2.0, 49.0
0.24493119, -2.0, 2.0, 45.0
0.5654584, 6.0, 2.0, 37.0
0.37453496, -49.0, 2.0, 35.0
0.41684943, -47.0, 2.0, 38.0
0.5606124, -7.0, 2.0, 48.0
0.41077727, -5.0, 2.0, 47.0
0.96690166, 9.0, 2.0, 32.0
0.51085633, 8.0, 2.0, 34.0
0.6307675, -40.0, 2.0, 45.0
0.9368267, -35.0, 2.0, 48.0
0.74869543, -9.0, 2.0, 49.0
0.9586973, 2.0, 2.0, 42.0
0.9404627, 3.0, 2.0, 41.0
0.5819104, -37.0, 2.0, 47.0
0.5538935, -3.0, 2.0, 46.0
0.6083645, -48.0, 2.0, 37.0
0.60285634, 1.0, 2.0, 43.0
0.007617343, 4.0, 2.0, 40.0
0.80059725, 10.0, 2.0, 30.0
0.57514656, 7.0, 2.0, 36.0
0.57443905, -33.0, 2.0, 49.0
0.65132314, 0.0, 2.0, 44.0
0.34526724, -50.0, 2.0, 34.0
0.714989, 5.0, 2.0, 39.0
0.59813076, -39.0, 2.0, 46.0
0.016626826, -44.0, 2.0, 42.0
0.9339095, -45.0, 2.0, 41.0
0.9735616, -43.0, 2.0, 43.0
0.9046601, -6.0, 2.0, 48.0
0.78708005, -46.0, 2.0, 40.0
0.728393, -49.0, 2.0, 36.0
0.9605498, -1.0, 2.0, 45.0
0.1372227, 9.0, 2.0, 33.0
0.97844994, -4.0, 2.0, 47.0
0.5237746, -8.0, 2.0, 49.0
0.05669644, -42.0, 2.0, 44.0
0.05523539, 6.0, 2.0, 38.0
0.380888, 8.0, 2.0, 35.0
0.56645024, -36.0, 2.0, 48.0
0.7253773, -47.0, 2.0, 39.0
0.3200729, 10.0, 2.0, 31.0
0.4847618, -34.0, 2.0, 49.0
0.33314952, -38.0, 2.0, 47.0
0.47100112, -41.0, 2.0, 45.0
0.06899443, -2.0, 2.0, 46.0
0.9325385, 7.0, 2.0, 37.0
0.2372353, -48.0, 2.0, 38.0
0.06328353, -50.0, 2.0, 35.0
0.043037836, 3.0, 2.0, 42.0
0.29399094, 2.0, 2.0, 43.0
0.9914628, 4.0, 2.0, 41.0
0.22945213, -5.0, 2.0, 48.0
0.7504789, -40.0, 2.0, 46.0
0.6231321, -7.0, 2.0, 49.0
0.27530235, 9.0, 2.0, 34.0
0.0056968243, 1.0, 2.0, 44.0
0.5195245, 5.0, 2.0, 40.0
0.82266456, 10.0, 2.0, 32.0
0.43012106, -49.0, 2.0, 37.0
0.33468804, -3.0, 2.0, 47.0
0.32222778, -35.0, 2.0, 49.0
0.31536514, -37.0, 2.0, 48.0
0.13696718, -45.0, 2.0, 42.0
0.29774347, 8.0, 2.0, 36.0
0.93618405, -44.0, 2.0, 43.0
0.9017078, 0.0, 2.0, 45.0
0.4193939, -46.0, 2.0, 41.0
0.5782313, 6.0, 2.0, 39.0
0.35138726, -43.0, 2.0, 44.0
0.96916103, -39.0, 2.0, 47.0
0.8577064, -47.0, 2.0, 40.0
0.3670556, -42.0, 2.0, 45.0
0.32669568, -1.0, 2.0, 46.0
0.41097736, -6.0, 2.0, 49.0
0.60121, -50.0, 2.0, 36.0
0.9415781, 7.0, 2.0, 38.0
0.6536769, -48.0, 2.0, 39.0
0.7109273, -4.0, 2.0, 48.0
0.6214831, 10.0, 2.0, 33.0
0.57608765, 9.0, 2.0, 35.0
0.99517256, -36.0, 2.0, 49.0
0.65531164, -41.0, 2.0, 46.0
0.6623947, -38.0, 2.0, 48.0
0.27493685, 3.0, 2.0, 43.0
0.13174264, -2.0, 2.0, 47.0
0.04471886, 4.0, 2.0, 42.0
0.51152945, -49.0, 2.0, 38.0
0.058722712, 8.0, 2.0, 37.0
0.071220286, 2.0, 2.0, 44.0
0.5953781, 5.0, 2.0, 41.0
0.5428812, 1.0, 2.0, 45.0
0.17939706, -40.0, 2.0, 47.0
0.75492847, 6.0, 2.0, 40.0
0.9435896, -45.0, 2.0, 43.0
0.96211886, -5.0, 2.0, 49.0
0.6919489, -46.0, 2.0, 42.0
0.028679188, -44.0, 2.0, 44.0
0.29659912, 10.0, 2.0, 34.0
0.82342577, -47.0, 2.0, 41.0
0.2683094, -50.0, 2.0, 37.0
0.13749762, -3.0, 2.0, 48.0
0.8094132, 0.0, 2.0, 46.0
0.6808574, -37.0, 2.0, 49.0
0.0033885478, -43.0, 2.0, 45.0
0.25008246, 7.0, 2.0, 39.0
0.20943797, 9.0, 2.0, 36.0
0.68735874, -48.0, 2.0, 40.0
0.2336587, -39.0, 2.0, 48.0
0.42233512, -42.0, 2.0, 46.0
0.5394542, -1.0, 2.0, 47.0
0.061027087, 8.0, 2.0, 38.0
0.065460265, -49.0, 2.0, 39.0
0.96886057, -4.0, 2.0, 49.0
0.14432573, 4.0, 2.0, 43.0
0.100902334, 3.0, 2.0, 44.0
0.39321056, -41.0, 2.0, 47.0
0.427162, 5.0, 2.0, 42.0
0.18797119, 10.0, 2.0, 35.0
0.3535111, 2.0, 2.0, 45.0
0.67695576, 6.0, 2.0, 41.0
0.17132351, -38.0, 2.0, 49.0
0.05451056, -2.0, 2.0, 48.0
0.1065868, -50.0, 2.0, 38.0
0.6442136, 9.0, 2.0, 37.0
0.26029336, -46.0, 2.0, 43.0
0.9611326, -45.0, 2.0, 44.0
0.11783346, 1.0, 2.0, 46.0
0.3828122, -47.0, 2.0, 42.0
0.29045233, 7.0, 2.0, 40.0
0.9901106, -40.0, 2.0, 48.0
0.3742957, -44.0, 2.0, 45.0
0.99943763, -48.0, 2.0, 41.0
0.86297107, -43.0, 2.0, 46.0
0.533527, 0.0, 2.0, 47.0
0.7218431, 8.0, 2.0, 39.0
0.13286196, -3.0, 2.0, 49.0
0.7735307, -49.0, 2.0, 40.0
0.83665174, 10.0, 2.0, 36.0
0.40447217, -42.0, 2.0, 47.0
0.13132979, -39.0, 2.0, 49.0
0.18530218, -1.0, 2.0, 48.0
0.92454875, 4.0, 2.0, 44.0
0.9095747, 5.0, 2.0, 43.0
0.63034046, -50.0, 2.0, 39.0
0.8556483, 9.0, 2.0, 38.0
0.7013718, 3.0, 2.0, 45.0
0.028016604, 6.0, 2.0, 42.0
0.60006964, -41.0, 2.0, 48.0
0.952835, 2.0, 2.0, 46.0
0.42294037, 7.0, 2.0, 41.0
0.70681643, -46.0, 2.0, 44.0
0.6709335, -47.0, 2.0, 43.0
0.12110689, -45.0, 2.0, 45.0
0.060571335, -2.0, 2.0, 49.0
0.09740798, -48.0, 2.0, 42.0
0.69130415, 1.0, 2.0, 47.0
0.2308032, 10.0, 2.0, 37.0
0.29777312, 8.0, 2.0, 40.0
0.18391734, -44.0, 2.0, 46.0
0.023145545, -49.0, 2.0, 41.0
0.68476063, -40.0, 2.0, 49.0
0.03129391, -43.0, 2.0, 47.0
0.5135793, 0.0, 2.0, 48.0
0.039344445, 9.0, 2.0, 39.0
0.24306978, -50.0, 2.0, 40.0
0.28414643, 5.0, 2.0, 44.0
0.84536386, -42.0, 2.0, 48.0
0.65077025, 4.0, 2.0, 45.0
0.07532159, 6.0, 2.0, 43.0
0.3806156, 3.0, 2.0, 46.0
0.98307866, -1.0, 2.0, 49.0
0.46160513, 7.0, 2.0, 42.0
0.15280207, 10.0, 2.0, 38.0
0.0818882, -47.0, 2.0, 44.0
0.66565824, -46.0, 2.0, 45.0
0.3282435, 2.0, 2.0, 47.0
0.15266177, -48.0, 2.0, 43.0
0.13582596, 8.0, 2.0, 41.0
0.1500473, -41.0, 2.0, 49.0
0.6800673, -45.0, 2.0, 46.0
0.7619088, -49.0, 2.0, 42.0
0.35553673, 1.0, 2.0, 48.0
0.041029036, -44.0, 2.0, 47.0
0.94966215, 9.0, 2.0, 40.0
0.64114326, -50.0, 2.0, 41.0
0.90878123, -43.0, 2.0, 48.0
0.99754596, 0.0, 2.0, 49.0
0.8555471, 10.0, 2.0, 39.0
0.33627096, 5.0, 2.0, 45.0
0.97388536, 6.0, 2.0, 44.0
0.17650579, 4.0, 2.0, 46.0
0.08224754, 7.0, 2.0, 43.0
0.11100706, -42.0, 2.0, 49.0
0.29771113, 3.0, 2.0, 47.0
0.66276014, 8.0, 2.0, 42.0
0.11055041, -47.0, 2.0, 45.0
0.013796557, -48.0, 2.0, 44.0
0.47737184, -46.0, 2.0, 46.0
0.6778884, -49.0, 2.0, 43.0
0.56503665, 2.0, 2.0, 48.0
0.48985273, 9.0, 2.0, 41.0
0.9797605, -45.0, 2.0, 47.0
0.06061656, -50.0, 2.0, 42.0
0.46649542, -44.0, 2.0, 48.0
0.50233245, 1.0, 2.0, 49.0
0.01159269, 10.0, 2.0, 40.0
0.3681429, -43.0, 2.0, 49.0
0.20358133, 6.0, 2.0, 45.0
0.4362391, 5.0, 2.0, 46.0
0.35754743, 7.0, 2.0, 44.0
0.9603413, 4.0, 2.0, 47.0
0.871084, 8.0, 2.0, 43.0
0.024462579, -48.0, 2.0, 45.0
0.21522471, 3.0, 2.0, 48.0
0.5977548, -47.0, 2.0, 46.0
0.86143726, 9.0, 2.0, 42.0
0.15743819, -49.0, 2.0, 44.0
0.87301785, -46.0, 2.0, 47.0
0.4094907, -50.0, 2.0, 43.0
0.2416032, 2.0, 2.0, 49.0
0.71622473, -45.0, 2.0, 48.0
0.8006342, 10.0, 2.0, 41.0
0.56857085, -44.0, 2.0, 49.0
0.49922338, 6.0, 2.0, 46.0
0.5033731, 7.0, 2.0, 45.0
0.35187984, 5.0, 2.0, 47.0
0.6499876, 8.0, 2.0, 44.0
0.6999384, 4.0, 2.0, 48.0
0.9367775, 9.0, 2.0, 43.0
0.8154556, -48.0, 2.0, 46.0
0.44066164, -49.0, 2.0, 45.0
0.9620338, -47.0, 2.0, 47.0
0.41877103, -50.0, 2.0, 44.0
0.99189705, 3.0, 2.0, 49.0
0.920692, 10.0, 2.0, 42.0
0.42507893, -46.0, 2.0, 48.0
0.19604765, -45.0, 2.0, 49.0
0.8234205, 7.0, 2.0, 46.0
0.24173449, 6.0, 2.0, 47.0
0.56598264, 8.0, 2.0, 45.0
0.08556339, 5.0, 2.0, 48.0
0.8583236, 9.0, 2.0, 44.0
0.7910399, -49.0, 2.0, 46.0
0.7988976, 4.0, 2.0, 49.0
0.65738994, -48.0, 2.0, 47.0
0.49271834, 10.0, 2.0, 43.0
0.8486295, -50.0, 2.0, 45.0
0.78466356, -47.0, 2.0, 48.0
0.33756316, -46.0, 2.0, 49.0
0.9997608, 7.0, 2.0, 47.0
0.9202789, 8.0, 2.0, 46.0
0.7709857, 6.0, 2.0, 48.0
0.42229056, 9.0, 2.0, 45.0
0.3301703, 5.0, 2.0, 49.0
0.560429, 10.0, 2.0, 44.0
0.5863053, -49.0, 2.0, 47.0
0.17945164, -50.0, 2.0, 46.0
0.5477185, -48.0, 2.0, 48.0
0.38683468, -47.0, 2.0, 49.0
0.618324, 8.0, 2.0, 47.0
0.054144774, 7.0, 2.0, 48.0
0.54949737, 9.0, 2.0, 46.0
0.032712404, 6.0, 2.0, 49.0
0.22240382, 10.0, 2.0, 45.0
0.49210554, -50.0, 2.0, 47.0
0.41316032, -49.0, 2.0, 48.0
0.98233676, -48.0, 2.0, 49.0
0.5255715, 8.0, 2.0, 48.0
0.048141114, 9.0, 2.0, 47.0
0.31196356, 7.0, 2.0, 49.0
0.59248716, 10.0, 2.0, 46.0
0.51861316, -50.0, 2.0, 48.0
0.25629562, -49.0, 2.0, 49.0
0.4433153, 9.0, 2.0, 48.0
0.11483721, 8.0, 2.0, 49.0
0.66175395, 10.0, 2.0, 47.0
0.20428239, -50.0, 2.0, 49.0
0.82767653, 9.0, 2.0, 49.0
0.20332693, 10.0, 2.0, 48.0
0.9686756, 10.0, 2.0, 49.0
0.876788, -201.0, 0.0, 37.0
0.15203714, -202.0, 0.0, 29.0
0.21575178, -268.0, 0.0, 39.0
0.6791308, -320.0, 0.0, 40.0
0.11057525, 818.0, 0.0, -76.0
0.05582553, 818.0, 0.0, -77.0
0.600249, 818.0, 0.0, -81.0
