0.94476247, 8.0, 1.0, 1.0
0.15031165, 8.0, 1.0, 2.0
0.54483366, 8.0, 1.0, -2.0
0.3088017, 8.0, 1.0, 3.0
0.4698735, 8.0, 1.0, -3.0
0.8344635, 8.0, 0.0, 1.0
0.15793954, 8.0, 0.0, 2.0
0.38521674, 8.0, 0.0, -2.0
0.5543648, 8.0, 0.0, 3.0
0.07212691, 8.0, 0.0, -3.0
0.17973655, 9.0, 1.0, 3.0
0.18382187, 9.0, 1.0, -3.0
0.5584596, 9.0, 0.0, 3.0
0.33690792, 9.0, 0.0, -3.0
0.15308864, 10.0, 1.0, 3.0
0.46975732, 10.0, 1.0, -3.0
0.60332024, 10.0, 0.0, 3.0
0.2224565, 10.0, 0.0, -3.0
0.30164644, 11.0, 1.0, 3.0
0.49007705, 11.0, 1.0, -3.0
0.5925757, 11.0, 0.0, 3.0
0.24995713, 11.0, 0.0, -3.0
0.4295239, 12.0, 1.0, 3.0
0.049681865, 12.0, 1.0, -3.0
0.5116092, 13.0, 1.0, 0.0
0.9073668, 12.0, 0.0, 3.0
0.42840162, 12.0, 0.0, -3.0
0.37925714, 13.0, 1.0, 1.0
0.4190655, 13.0, 1.0, -1.0
0.4542448, 13.0, 1.0, 2.0
0.08630133, 13.0, 1.0, -2.0
0.95650053, 13.0, 1.0, -3.0
0.9561703, 13.0, 0.0, 0.0
0.69496346, 13.0, 0.0, 1.0
0.63153344, 13.0, 0.0, -1.0
0.5639952, 13.0, 0.0, 2.0
0.516836, 13.0, 0.0, -2.0
0.7482843, 13.0, 0.0, 3.0
0.5908278, 13.0, 0.0, -3.0
